ts,open,high,low,close,volume,date,ema50,ema200,atr14
1736294400000,93798.9,94020.4,89901.0,92219.0,576.62008749,2025-01-08 00:00:00+00:00,92219.0,92219.0,
1736380800000,92219.0,92468.2,88643.2,89936.7,562.2001097,2025-01-09 00:00:00+00:00,92129.49803921569,92196.29054726368,
1736467200000,89938.4,93474.4,89881.9,92503.3,487.4875559,2025-01-10 00:00:00+00:00,92144.1569396386,92199.34536768892,
1736553600000,92503.3,92677.9,91629.0,92251.3,132.27845672,2025-01-11 00:00:00+00:00,92148.35862828023,92199.86232920445,
1736640000000,92250.5,92998.0,91500.0,92249.5,132.10615925,2025-01-12 00:00:00+00:00,92152.32495658296,92200.35623637655,
1736726400000,92249.6,93599.0,87400.0,92100.9,887.38346183,2025-01-13 00:00:00+00:00,92150.30829161893,92199.36662208426,
1736812800000,92100.9,94839.0,92002.3,93689.9,492.13490721,2025-01-14 00:00:00+00:00,92210.68443704564,92214.19779997396,
1736899200000,93696.1,97777.0,93636.8,97499.9,695.1399853,2025-01-15 00:00:00+00:00,92418.1046552007,92266.79185171552,
1736985600000,97500.0,97796.1,94748.5,96994.3,486.93088574,2025-01-16 00:00:00+00:00,92597.56329617322,92313.831733788,
1737072000000,96994.3,102881.2,96971.1,101164.1,1264.06137298,2025-01-17 00:00:00+00:00,92933.50591200957,92401.89410459608,
1737158400000,101164.1,101777.0,99149.9,101466.6,373.82880182,2025-01-18 00:00:00+00:00,93268.13705271507,92492.09018315733,
1737244800000,101466.6,103498.0,96978.3,98550.1,1027.13999955,2025-01-19 00:00:00+00:00,93475.27285456938,92552.36888780253,
1737331200000,98527.6,105884.0,96779.4,98011.0,2057.95577762,2025-01-20 00:00:00+00:00,93653.14450733137,92606.68362523733,
1737417600000,98076.7,102800.0,96550.0,102008.2,716.56474275,2025-01-21 00:00:00+00:00,93980.79374233798,92700.2310518519,4337.057142857142
1737504000000,102000.7,102049.2,99223.6,99650.7,385.64170722,2025-01-22 00:00:00+00:00,94203.14300734433,92769.38994685834,4244.642857142856
1737590400000,99650.7,102716.8,97235.9,99803.9,1116.68209884,2025-01-23 00:00:00+00:00,94422.78053646808,92839.38507176524,4362.921428571428
1737676800000,99803.9,101932.4,98500.0,99954.5,450.62943771,2025-01-24 00:00:00+00:00,94639.71071150855,92910.18223523026,4351.485714285714
1737763200000,99955.0,100339.8,99358.1,99857.8,140.65485556,2025-01-25 00:00:00+00:00,94844.34166399842,92979.31276025285,4346.685714285713
1737849600000,99857.8,100500.0,98021.0,98048.1,183.19809702,2025-01-26 00:00:00+00:00,94969.9792458024,93029.74845418069,4416.757142857142
1737936000000,98048.1,98685.4,93501.0,97753.9,1146.30769175,2025-01-27 00:00:00+00:00,95079.15260871212,93076.75493722368,4344.285714285713
1738022400000,97754.0,99347.3,96120.0,97170.9,490.47520224,2025-01-28 00:00:00+00:00,95161.18191817439,93117.49269904236,4372.185714285713
1738108800000,97170.9,100500.0,97106.3,99490.3,417.54851329,2025-01-29 00:00:00+00:00,95330.95125471657,93180.90371696233,4318.864285714285
1738195200000,99502.0,101897.9,99099.0,100709.0,467.57683607,2025-01-30 00:00:00+00:00,95541.85512708062,93255.81014763932,4301.0999999999985
1738281600000,100711.7,101932.4,98000.0,98888.8,489.83467976,2025-01-31 00:00:00+00:00,95673.10786719511,93311.85979791157,4159.835714285713
1738368000000,98888.8,99225.0,97100.0,97362.1,207.88813406,2025-02-01 00:00:00+00:00,95739.34285279531,93352.1606954448,4123.971428571427
1738454400000,97362.1,98096.2,93774.0,95400.4,864.0838808,2025-02-02 00:00:00+00:00,95726.0509762151,93372.5411860374,3967.0071428571414
1738540800000,95400.4,99319.2,89118.4,98267.5,1705.2803787,2025-02-03 00:00:00+00:00,95825.71564381452,93421.24724388779,4045.307142857141
1738627200000,98267.5,98720.2,92777.0,94329.8,663.0102832,2025-02-04 00:00:00+00:00,95767.05228523356,93430.28756981927,4023.392857142855
1738713600000,94329.8,95345.7,92500.0,92950.0,263.02333122,2025-02-05 00:00:00+00:00,95656.57964659696,93425.50858902505,4024.82857142857
1738800000000,92950.0,95708.5,92245.4,93047.5,354.36088122,2025-02-06 00:00:00+00:00,95554.2627977108,93421.74730953226,3880.699999999998
1738886400000,93047.5,96475.2,92671.5,93545.4,391.24678759,2025-02-07 00:00:00+00:00,95475.48386446724,93422.9776845618,3907.2214285714267
1738972800000,93545.4,93902.1,92843.1,93537.6,121.34982814,2025-02-08 00:00:00+00:00,95399.48841880186,93424.11820511344,3912.742857142856
1739059200000,93537.6,94280.4,92125.2,93600.1,178.29922802,2025-02-09 00:00:00+00:00,95328.92416708416,93425.86926774913,3889.614285714284
1739145600000,93600.1,95291.7,92522.0,94589.0,400.25636001,2025-02-10 00:00:00+00:00,95299.90753308086,93437.44270787104,3717.1357142857128
1739232000000,94591.5,95538.0,91532.1,92453.0,457.12631336,2025-02-11 00:00:00+00:00,95188.26410041102,93427.64725804148,3772.7499999999977
1739318400000,92452.5,94434.3,91234.1,94172.8,512.1284886,2025-02-12 00:00:00+00:00,95148.44197882627,93435.06171318535,3758.9285714285693
1739404800000,94169.1,94280.0,91406.0,92358.8,314.90804856,2025-02-13 00:00:00+00:00,95039.04425416642,93424.35264141236,3764.2928571428556
1739491200000,92358.8,94080.0,91800.0,92952.0,383.2925573,2025-02-14 00:00:00+00:00,94957.19938145402,93419.65261512966,3646.2642857142846
1739577600000,92952.0,93409.6,92755.9,93085.1,97.38646002,2025-02-15 00:00:00+00:00,94883.78371943621,93416.32373338708,3541.1714285714284
1739664000000,93085.1,93200.0,91690.8,91751.1,110.80738141,2025-02-16 00:00:00+00:00,94760.93337749752,93399.75434300512,3340.242857142857
1739750400000,91751.1,92582.9,90899.9,91367.8,351.80090255,2025-02-17 00:00:00+00:00,94627.86932347802,93379.53589183094,2731.8285714285707
1739836800000,91367.8,92500.0,89438.4,91449.4,587.49836199,2025-02-18 00:00:00+00:00,94503.22346765536,93360.33055957392,2526.0
1739923200000,91449.4,92800.0,90927.9,92670.8,281.02755605,2025-02-19 00:00:00+00:00,94431.36372382574,93353.46955898116,2456.4571428571435
1740009600000,92670.8,93997.0,92474.0,93673.1,272.5846693,2025-02-20 00:00:00+00:00,94401.62789151884,93356.64996137936,2317.878571428572
1740096000000,93673.1,94975.4,90659.9,91974.3,508.47352055,2025-02-21 00:00:00+00:00,94306.43856243967,93342.89523539548,2354.4357142857148
1740182400000,91974.3,92690.7,91605.4,92342.2,98.24288567,2025-02-22 00:00:00+00:00,94229.40959920675,93332.93806887414,2356.314285714286
1740268800000,92342.2,92449.9,91112.8,91900.1,94.56751986,2025-02-23 00:00:00+00:00,94138.06412472806,93318.68097366145,2297.878571428572
1740355200000,91900.1,92099.4,87346.3,87524.9,552.74439845,2025-02-24 00:00:00+00:00,93878.7243551309,93261.03141173448,2439.5499999999997
1740441600000,87524.9,88360.1,81818.0,84316.1,1525.99655055,2025-02-25 00:00:00+00:00,93503.7194784591,93172.0271190804,2620.7071428571435
1740528000000,84316.1,85007.0,78300.0,80139.9,1234.50535416,2025-02-26 00:00:00+00:00,92979.64812636266,93042.3542124229,2871.192857142858
1740614400000,80162.2,83000.0,79410.0,81355.8,692.56936572,2025-02-27 00:00:00+00:00,92523.81094493667,92926.07009090626,2922.3357142857153
1740700800000,81355.8,81986.7,75200.0,81334.0,1759.58778896,2025-02-28 00:00:00+00:00,92084.99482944896,92810.72610990223,3244.2428571428577
1740787200000,81300.1,83397.2,80770.5,83020.3,354.34408272,2025-03-01 00:00:00+00:00,91729.51660084311,92713.30893467933,3385.1714285714284
1740873600000,83020.3,91789.0,82042.7,90595.9,1114.65972256,2025-03-02 00:00:00+00:00,91685.06104786886,92692.24018906064,3973.535714285714
1740960000000,90598.2,90729.2,81123.8,82141.8,1407.30680318,2025-03-03 00:00:00+00:00,91310.8155165799,92587.2606846919,4539.421428571428
1741046400000,82141.8,83697.1,77672.0,82148.1,1242.44269228,2025-03-04 00:00:00+00:00,90951.49333945912,92483.38843907308,4751.099999999999
1741132800000,82149.8,84965.9,81370.3,83986.7,572.97491498,2025-03-05 00:00:00+00:00,90678.36418889211,92398.84427550022,4874.207142857142
1741219200000,83986.7,85876.8,81450.1,83398.7,478.55182142,2025-03-06 00:00:00+00:00,90392.88716187674,92309.29060111714,5081.614285714284
1741305600000,83398.7,84545.8,78577.1,80098.0,1255.85526995,2025-03-07 00:00:00+00:00,89989.16609670511,92187.78522200155,5199.699999999998
1741392000000,80098.0,80179.0,78739.9,79613.1,229.78063032,2025-03-08 00:00:00+00:00,89582.26154389315,92062.66397601148,5224.971428571427
1741478400000,79611.2,79847.6,73725.0,74311.2,691.2490112,2025-03-09 00:00:00+00:00,88983.39638530911,91886.03249366311,5566.7928571428565
1741564800000,74319.7,77540.5,71529.3,72461.6,1084.84573075,2025-03-10 00:00:00+00:00,88335.4828015715,91692.75455840278,5656.657142857142
1741651200000,72474.9,76472.6,70605.0,75996.8,1009.01618824,2025-03-11 00:00:00+00:00,87851.61288778439,91536.57590608037,5608.478571428571
1741737600000,76002.3,77428.7,73912.6,76986.0,551.13900754,2025-03-12 00:00:00+00:00,87425.51042159677,91391.79405626863,5380.557142857142
1741824000000,76908.9,77390.0,73620.0,74722.9,475.74824493,2025-03-13 00:00:00+00:00,86927.36883643612,91225.9344139177,5393.414285714285
1741910400000,74725.2,78446.0,74501.6,77249.1,649.19152508,2025-03-14 00:00:00+00:00,86547.82888206607,91086.86143467475,5190.392857142856
1741996800000,77249.1,77851.0,76945.2,77580.5,227.22422164,2025-03-15 00:00:00+00:00,86196.16892590662,90952.46977860833,5067.471428571428
1742083200000,77580.5,78199.9,75378.8,75929.9,212.28117981,2025-03-16 00:00:00+00:00,85793.57014449852,90802.99147235352,4572.814285714284
1742169600000,75926.3,77619.6,75655.3,76980.4,362.93120627,2025-03-17 00:00:00+00:00,85447.95562902799,90665.453248748,4027.021428571428
1742256000000,76956.8,76956.8,74250.0,75593.9,401.37891659,2025-03-18 00:00:00+00:00,85061.52207494846,90515.48754478036,3791.6857142857125
1742342400000,75593.9,79764.3,75515.0,79618.7,526.78207901,2025-03-19 00:00:00+00:00,84848.0780720093,90407.06179806613,3838.3785714285705
1742428800000,79618.8,80100.0,77107.2,77572.8,394.93987973,2025-03-20 00:00:00+00:00,84562.77304957756,90279.35770057293,3735.9571428571426
1742515200000,77572.8,78300.0,76824.0,77677.1,381.69183452,2025-03-21 00:00:00+00:00,84292.74665547648,90153.96210156227,3415.0499999999997
1742601600000,77677.1,78142.3,77351.9,77487.5,71.41321508,2025-03-22 00:00:00+00:00,84025.87423761467,90027.92765279052,3368.714285714286
1742688000000,77487.6,79426.5,77454.5,79410.8,141.97523551,2025-03-23 00:00:00+00:00,83844.8909341788,89922.28459156872,3072.242857142857
1742774400000,79411.2,82069.5,79001.2,81006.9,547.77229221,2025-03-24 00:00:00+00:00,83733.59717205414,89833.57429712526,2862.035714285714
1742860800000,81014.1,82003.0,79963.6,81127.0,342.80545165,2025-03-25 00:00:00+00:00,83631.37767511084,89746.94171705436,2588.5928571428562
1742947200000,81053.3,81862.3,78000.0,80893.7,506.33425771,2025-03-26 00:00:00+00:00,83524.01776628297,89658.84975967073,2613.3214285714284
1743033600000,80893.8,81394.0,79562.3,80749.6,333.49236263,2025-03-27 00:00:00+00:00,83415.21706956599,89570.20050833073,2474.871428571428
1743120000000,80749.6,81014.9,77250.3,77929.5,419.93320822,2025-03-28 00:00:00+00:00,83200.09090997517,89454.3726425762,2462.028571428571
1743206400000,77929.5,78134.4,75453.7,76379.0,308.72703796,2025-03-29 00:00:00+00:00,82932.59714879967,89324.26943220232,2588.807142857142
1743292800000,76379.0,77182.4,75480.1,76092.2,150.73087705,2025-03-30 00:00:00+00:00,82664.3462802193,89192.60704979235,2508.892857142856
1743379200000,76114.3,77647.3,75082.6,76292.4,506.61871941,2025-03-31 00:00:00+00:00,82414.46603393619,89064.24678064018,2551.77857142857
1743465600000,76293.7,79200.0,76153.4,78905.3,434.53723905,2025-04-01 00:00:00+00:00,82276.85167966418,88963.16273307163,2574.364285714285
1743552000000,78905.9,81299.9,75658.7,75658.7,744.37712305,2025-04-02 00:00:00+00:00,82017.31631967735,88830.78001930972,2673.7857142857133
1743638400000,75673.4,76885.4,73114.8,75260.1,740.76754,2025-04-03 00:00:00+00:00,81752.3274443959,88695.74837732654,2729.3428571428553
1743724800000,75299.1,77260.0,73920.0,76519.9,610.0372003,2025-04-04 00:00:00+00:00,81547.13421128232,88574.59565715415,2862.485714285712
1743811200000,76528.2,76856.1,75175.0,76155.3,180.14097651,2025-04-05 00:00:00+00:00,81335.68973240851,88451.02057598843,2926.107142857141
1743897600000,76181.2,76397.7,69952.3,71241.4,904.5933012,2025-04-06 00:00:00+00:00,80939.83523309838,88279.7805702572,3245.635714285712
1743984000000,71242.9,74128.5,67500.0,72530.5,1650.32105794,2025-04-07 00:00:00+00:00,80610.05738082,88123.07131085165,3499.9357142857116
1744070400000,72530.5,73730.8,69432.4,69467.3,720.33607276,2025-04-08 00:00:00+00:00,80173.08650314077,87937.44174556955,3661.2928571428556
1744156800000,69467.3,76335.7,67638.6,75446.9,1363.26476935,2025-04-09 00:00:00+00:00,79987.74585595878,87813.15774810119,4006.635714285712
1744243200000,75446.0,75500.0,70104.7,70719.0,600.70731918,2025-04-10 00:00:00+00:00,79624.26562631335,87643.06662622954,4261.17857142857
1744329600000,70703.6,74551.0,69849.0,73409.9,715.73558036,2025-04-11 00:00:00+00:00,79380.56501351675,87501.44307770986,4328.135714285713
1744416000000,73410.0,75704.9,72947.3,75155.1,243.38670395,2025-04-12 00:00:00+00:00,79214.86050318276,87378.59389285702,4333.62857142857
1744502400000,75144.1,75840.7,73300.0,73839.0,288.07654583,2025-04-13 00:00:00+00:00,79004.04244423441,87243.87156556491,4393.514285714285
1744588800000,73839.1,75580.4,73663.7,74608.4,513.33274189,2025-04-14 00:00:00+00:00,78831.66430916639,87118.14548033541,4347.22857142857
1744675200000,74638.7,76384.4,74070.9,74090.3,414.88588318,2025-04-15 00:00:00+00:00,78645.72845390496,86988.51517704851,4294.864285714284
1744761600000,74090.3,75166.7,73111.0,73721.6,404.19692595,2025-04-16 00:00:00+00:00,78452.62537728123,86856.50607080922,4038.7571428571414
1744848000000,73727.2,75250.0,73677.6,74689.8,384.20259868,2025-04-17 00:00:00+00:00,78305.06359778001,86735.44431886087,3881.742857142856
1744934400000,74695.5,74811.1,74065.5,74146.7,104.12866757,2025-04-18 00:00:00+00:00,78141.99051551413,86610.18318135977,3696.42857142857
1745020800000,74146.7,75118.2,74100.1,74673.7,100.74352,2025-04-19 00:00:00+00:00,78005.97912274887,86491.41220443082,3649.0714285714266
1745107200000,74673.7,74894.5,73801.0,74437.8,249.91715374,2025-04-20 00:00:00+00:00,77866.0505296999,86371.47576458573,3266.7928571428556
1745193600000,74435.5,76890.3,74339.1,75982.8,548.44181857,2025-04-21 00:00:00+00:00,77792.1975677509,86268.10585648041,2975.557142857141
1745280000000,75982.8,82621.1,75809.9,82306.0,907.57239562,2025-04-22 00:00:00+00:00,77969.2094278391,86228.68191760995,3155.0428571428556
1745366400000,82318.7,83204.8,80793.8,82725.1,845.15403643,2025-04-23 00:00:00+00:00,78155.71494047287,86193.82040599195,2706.0357142857133
1745452800000,82720.3,82813.8,80607.7,82660.2,368.47344841,2025-04-24 00:00:00+00:00,78332.3614133955,86158.66000394229,2478.2357142857136
1745539200000,82660.2,84322.0,81851.5,83334.7,457.61383694,2025-04-25 00:00:00+00:00,78528.53155404665,86130.56089942546,2318.8428571428562
1745625600000,83336.3,83799.2,82700.0,83310.3,115.89849492,2025-04-26 00:00:00+00:00,78716.05188526052,86102.49860191875,2200.3857142857137
1745712000000,83332.6,83889.9,82500.0,82704.0,134.9923369,2025-04-27 00:00:00+00:00,78872.44200740717,86068.682695432,2118.185714285714
1745798400000,82704.0,84246.5,81831.0,83268.6,292.71969786,2025-04-28 00:00:00+00:00,79044.84036005787,86040.82117607446,2153.8142857142852
1745884800000,83317.1,83892.2,82400.0,82790.5,259.06399557,2025-04-29 00:00:00+00:00,79191.72897338895,86008.47967183492,2095.149999999999
1745971200000,82790.0,83704.3,81712.3,83196.8,323.72370442,2025-04-30 00:00:00+00:00,79348.79058227566,85980.50275967737,2090.5999999999995
1746057600000,83196.8,86330.0,83166.5,85435.6,454.47544253,2025-05-01 00:00:00+00:00,79587.48899081387,85975.08084167064,2204.25
1746144000000,85435.6,86385.6,85051.3,85775.5,428.7282709,2025-05-02 00:00:00+00:00,79830.15608921333,85973.09496264905,2246.2999999999997
1746230400000,85775.6,85791.1,84836.3,84897.6,188.07625709,2025-05-03 00:00:00+00:00,80028.87937983242,85962.39352023463,2241.778571428572
1746316800000,84897.6,85275.8,83174.4,83297.3,155.82764805,2025-05-04 00:00:00+00:00,80157.05273748605,85935.87517674972,2313.7714285714296
1746403200000,83297.3,84144.8,82500.0,83768.0,364.32774904,2025-05-05 00:00:00+00:00,80298.6585124866,85914.30427946863,2249.0285714285733
1746489600000,83768.0,85441.7,82271.3,85377.3,238.56690118,2025-05-06 00:00:00+00:00,80497.82092376164,85908.96095330476,1988.971428571429
1746576000000,85399.0,86188.7,84500.1,85806.4,318.61500182,2025-05-07 00:00:00+00:00,80706.00049537883,85907.94044630672,1937.3714285714284
1746662400000,85806.4,92600.0,85640.8,91903.0,853.13992184,2025-05-08 00:00:00+00:00,81145.0985151679,85967.59278017431,2276.8785714285705
1746748800000,91884.7,92627.8,90742.2,91472.7,435.13422953,2025-05-09 00:00:00+00:00,81550.10249496525,86022.36996644123,2235.0999999999995
1746835200000,91472.6,93111.0,91340.3,92992.2,276.18629753,2025-05-10 00:00:00+00:00,81998.81220104505,86091.7215090637,2283.0642857142852
1746921600000,92992.3,93196.1,91850.1,92667.3,238.73150182,2025-05-11 00:00:00+00:00,82417.1842715923,86157.15015076457,2279.9285714285716
1747008000000,92700.0,94822.8,90835.0,92654.9,722.71087085,2025-05-12 00:00:00+00:00,82818.66331976514,86221.80437812016,2392.2357142857145
1747094400000,92635.0,93810.2,91371.1,93160.1,304.44581248,2025-05-13 00:00:00+00:00,83224.20985624494,86290.84214550204,2459.871428571428
1747180800000,93160.1,93160.1,91417.7,92564.1,371.59973532,2025-05-14 00:00:00+00:00,83590.48005796081,86353.26262166622,2442.0428571428574
1747267200000,92564.1,93200.0,90646.1,92733.7,479.6228688,2025-05-15 00:00:00+00:00,83949.03770274667,86416.74956075412,2398.5
1747353600000,92732.2,93800.0,92104.3,92643.1,278.9504399,2025-05-16 00:00:00+00:00,84289.98132224681,86478.70329646801,2424.3142857142852
1747440000000,92643.1,92908.7,91999.0,92420.0,193.70200386,2025-05-17 00:00:00+00:00,84608.80558411949,86537.82067660266,2421.0928571428562
1747526400000,92404.1,95202.8,92369.1,95070.9,389.6088578,2025-05-18 00:00:00+00:00,85019.08379650695,86622.726938527,2473.3999999999983
1747612800000,95070.9,95600.0,90710.1,93984.4,738.66922585,2025-05-19 00:00:00+00:00,85370.66482409493,86695.97741675063,2705.192857142855
1747699200000,93997.4,95085.9,92684.9,94626.5,561.05637028,2025-05-20 00:00:00+00:00,85733.63875256179,86774.88808922078,2650.235714285712
1747785600000,94654.9,97699.1,93520.6,96730.1,1204.19738539,2025-05-21 00:00:00+00:00,86164.87252697113,86873.94492415391,2828.085714285713
1747872000000,96719.1,99344.0,96401.0,98936.0,1040.51385673,2025-05-22 00:00:00+00:00,86665.70105532522,86993.9653726698,2541.214285714285
1747958400000,98936.0,98995.0,94090.1,94458.3,881.54264511,2025-05-23 00:00:00+00:00,86971.29317080266,87068.2373590114,2756.8785714285696
1748044800000,94458.4,96356.1,94150.0,94901.4,216.7443448,2025-05-24 00:00:00+00:00,87282.27775233981,87146.17927583716,2787.9785714285704
1748131200000,94901.4,96050.0,93980.0,95877.1,197.13232726,2025-05-25 00:00:00+00:00,87619.32960518922,87233.05410891342,2839.6928571428557
1748217600000,95877.2,97056.0,95487.0,96136.7,440.0872878,2025-05-26 00:00:00+00:00,87953.34413047592,87321.64760036703,2666.921428571427
1748304000000,96136.8,97500.0,94375.0,96111.0,429.35588864,2025-05-27 00:00:00+00:00,88273.25220379059,87409.10384314944,2715.9142857142847
1748390400000,96111.0,96563.1,94585.3,95936.1,469.68700407,2025-05-28 00:00:00+00:00,88573.75603893606,87493.94957605342,2732.7285714285704
1748476800000,95962.7,96525.0,92531.3,92847.2,592.98174084,2025-05-29 00:00:00+00:00,88741.34207662485,87547.21574942603,2835.5714285714275
1748563200000,92847.3,93742.0,91378.7,91716.9,620.4136013,2025-05-30 00:00:00+00:00,88858.03062263956,87588.70514495413,2883.2571428571423
1748649600000,91717.0,92500.0,90948.6,92275.3,202.3102637,2025-05-31 00:00:00+00:00,88992.04118645762,87635.33792958145,2929.0928571428562
1748736000000,92278.0,93210.0,91567.4,93118.3,136.76075632,2025-06-01 00:00:00+00:00,89153.85525757693,87689.89476610304,2844.0142857142855
1748822400000,93118.4,93118.4,90823.9,92465.3,312.03816316,2025-06-02 00:00:00+00:00,89283.71583571116,87737.41123609207,2658.628571428572
1748908800000,92465.3,93880.0,91933.8,92638.8,388.42551113,2025-06-03 00:00:00+00:00,89415.28776372249,87786.18127354389,2626.1428571428573
1748995200000,92634.6,93153.0,91338.4,91696.4,397.53965406,2025-06-04 00:00:00+00:00,89504.7431455373,87825.08892256336,2457.2928571428574
1749081600000,91696.4,92672.5,87784.0,88700.2,596.94851251,2025-06-05 00:00:00+00:00,89473.19243394761,87833.79649547319,2596.257142857143
1749168000000,88700.3,92503.0,88404.3,91597.2,456.64495158,2025-06-06 00:00:00+00:00,89556.48684830261,87871.24329651326,2538.6714285714293
1749254400000,91606.0,92953.5,91250.3,92678.5,127.29624233,2025-06-07 00:00:00+00:00,89678.91873660446,87919.07669654797,2502.75
1749340800000,92678.5,93400.0,92202.9,92750.0,124.28899076,2025-06-08 00:00:00+00:00,89799.3532959533,87967.14558513954,2440.4000000000005
1749427200000,92750.1,96724.9,92306.9,96500.0,374.8844901,2025-06-09 00:00:00+00:00,90062.12375493553,88052.04960916801,2643.9000000000005
1749513600000,96500.0,96520.0,94941.0,96399.2,443.019374,2025-06-10 00:00:00+00:00,90310.63654885963,88135.10583196236,2533.471428571429
1749600000000,96399.2,96399.2,94083.0,94410.9,418.91366493,2025-06-11 00:00:00+00:00,90471.43119400239,88197.55154507716,2557.6428571428573
1749686400000,94410.6,94577.7,91130.4,91130.5,505.12175325,2025-06-12 00:00:00+00:00,90497.27702953172,88226.73511179282,2518.6142857142863
1749772800000,91130.5,91950.0,89100.0,91911.8,497.28048244,2025-06-13 00:00:00+00:00,90552.74851856969,88263.40242411329,2553.378571428572
1749859200000,91910.0,91990.0,90455.0,91366.6,88.45238135,2025-06-14 00:00:00+00:00,90584.6642629395,88294.28001193306,2552.2071428571435
1749945600000,91366.6,91950.0,90623.9,91499.9,297.88655473,2025-06-15 00:00:00+00:00,90620.5558604713,88326.17672823224,2529.600000000001
1750032000000,91500.0,94222.0,90940.2,92443.4,407.31643698,2025-06-16 00:00:00+00:00,90692.0399443744,88367.14412397123,2600.1214285714295
1750118400000,92440.1,93182.0,89924.1,91076.1,470.75449733,2025-06-17 00:00:00+00:00,90707.10112302638,88394.09890880734,2693.814285714286
1750204800000,91076.1,91766.7,90207.1,91408.0,411.06305214,2025-06-18 00:00:00+00:00,90734.58735349594,88424.08797439135,2675.5999999999995
1750291200000,91408.0,91746.4,90578.3,90909.1,242.23537119,2025-06-19 00:00:00+00:00,90741.43098669218,88448.81446220835,2409.8571428571418
1750377600000,90909.1,92469.1,88751.0,89670.8,437.94182552,2025-06-20 00:00:00+00:00,90699.4454578023,88460.97352228587,2382.6714285714284
1750464000000,89679.3,90300.0,87670.0,88704.1,218.90389303,2025-06-21 00:00:00+00:00,90621.19661631985,88463.39269121835,2448.871428571428
1750550400000,88727.0,89781.1,85331.5,87825.2,877.31827398,2025-06-22 00:00:00+00:00,90511.54969018967,88457.04251518635,2681.192857142857
1750636800000,87824.0,91440.0,86512.3,90920.9,659.18166015,2025-06-23 00:00:00+00:00,90527.60264351557,88481.55851006012,2717.5999999999995
1750723200000,90894.9,91500.0,90326.1,91349.9,439.54015889,2025-06-24 00:00:00+00:00,90559.84959867183,88510.09922140281,2688.6642857142847
1750809600000,91350.0,93240.0,91166.6,91958.8,511.58675948,2025-06-25 00:00:00+00:00,90614.71039872392,88544.41465203562,2671.3214285714275
1750896000000,91958.9,92598.5,91186.6,91496.2,358.84311773,2025-06-26 00:00:00+00:00,90649.27861838181,88573.78565052283,2525.9357142857125
1750982400000,91509.7,92076.9,90809.4,91449.0,231.20563221,2025-06-27 00:00:00+00:00,90680.64024119037,88602.39474852757,2412.8999999999983
1751068800000,91455.3,91835.3,88819.0,91604.7,199.29934871,2025-06-28 00:00:00+00:00,90716.87787879074,88632.26843262183,2518.707142857141
1751155200000,91604.7,92551.1,91521.1,92415.9,156.61691275,2025-06-29 00:00:00+00:00,90783.50619726953,88669.91650791913,2497.557142857141
1751241600000,92416.0,92802.7,90800.0,90961.9,299.78166717,2025-06-30 00:00:00+00:00,90790.50203267072,88692.72231381047,2406.192857142855
1751328000000,90925.2,91198.4,89171.1,89509.1,376.3635279,2025-07-01 00:00:00+00:00,90740.25097256599,88700.84547486709,2318.2928571428542
1751414400000,89509.1,93067.0,89099.7,92250.0,430.23888118,2025-07-02 00:00:00+00:00,90799.45681677909,88736.16044526643,2490.271428571427
1751500800000,92250.0,93900.0,92070.0,93150.0,368.71628655,2025-07-03 00:00:00+00:00,90891.63498082697,88780.07924680607,2537.549999999999
1751587200000,93150.0,93318.9,91200.0,91783.8,353.42345157,2025-07-04 00:00:00+00:00,90926.62184432396,88809.96701549456,2423.3214285714266
1751673600000,91783.8,92072.0,91628.5,91930.0,141.23837635,2025-07-05 00:00:00+00:00,90965.97000729166,88841.012119818,2267.142857142855
1751760000000,91930.0,93099.9,91607.3,92720.1,158.06510187,2025-07-06 00:00:00+00:00,91034.75941877042,88879.61000917305,2055.9285714285684
1751846400000,92720.1,93133.6,91979.1,92267.3,211.8453862,2025-07-07 00:00:00+00:00,91083.09434352453,88913.31836729073,1786.4142857142829
1751932800000,92255.6,93250.0,91551.7,92924.7,266.00820881,2025-07-08 00:00:00+00:00,91155.31417319024,88953.23261239233,1823.8714285714263
1752019200000,92939.2,95447.8,92624.3,94854.8,495.86330178,2025-07-09 00:00:00+00:00,91300.39204875141,89011.95467595062,1877.4499999999982
1752105600000,94825.7,99600.0,94437.5,98827.8,959.51645702,2025-07-10 00:00:00+00:00,91595.58451742784,89109.62477867749,2145.3499999999985
1752192000000,98830.0,101200.0,98402.6,99965.0,1091.58399093,2025-07-11 00:00:00+00:00,91923.79688929342,89217.63846247176,2254.6285714285696
1752278400000,99965.1,100500.0,99375.7,99799.9,280.1639346,2025-07-12 00:00:00+00:00,92232.66367794859,89322.93459717355,2119.485714285712
1752364800000,99800.0,101672.4,99685.7,101590.2,366.26986505,2025-07-13 00:00:00+00:00,92599.62588665649,89444.99693949023,2187.8214285714266
1752451200000,101590.2,104409.0,101370.0,102610.8,1122.79666168,2025-07-14 00:00:00+00:00,92992.22094992486,89575.99995501769,2261.8428571428553
1752537600000,102610.9,102626.0,99470.6,101426.8,709.37236524,2025-07-15 00:00:00+00:00,93322.98875581015,89693.91836342549,2342.421428571427
1752624000000,101426.8,103123.0,100800.4,102003.2,418.07437638,2025-07-16 00:00:00+00:00,93663.38919675877,89816.39877771976,2224.9428571428557
1752710400000,102003.3,104191.9,101342.0,102549.6,405.03328377,2025-07-17 00:00:00+00:00,94011.86805178784,89943.09729734444,2297.7928571428556
1752796800000,102549.8,103932.8,100500.0,101452.8,328.71918598,2025-07-18 00:00:00+00:00,94303.6693046589,90057.621702346,2391.642857142856
1752883200000,101452.8,101905.9,100950.0,101367.5,86.02701065,2025-07-19 00:00:00+00:00,94580.68227310365,90170.15780481022,2428.242857142856
1752969600000,101367.5,102118.0,100105.0,100834.4,156.76817306,2025-07-20 00:00:00+00:00,94825.92610553096,90276.26966744894,2465.4142857142847
1753056000000,100820.3,102680.7,99815.0,100408.1,374.81376884,2025-07-21 00:00:00+00:00,95044.83488570622,90377.08389961363,2587.642857142856
1753142400000,100408.1,102312.9,99501.0,102203.6,343.76536115,2025-07-22 00:00:00+00:00,95325.57077254128,90494.76067673191,2667.1857142857125
1753228800000,102203.6,102260.0,99755.4,100853.7,320.68330562,2025-07-23 00:00:00+00:00,95542.36015401025,90597.834699849,2644.4071428571415
1753315200000,100853.7,101594.4,99755.4,100697.8,253.88358485,2025-07-24 00:00:00+00:00,95744.5342656177,90698.3318670147,2407.0142857142846
1753401600000,100709.4,100829.3,97692.4,100070.0,415.34655697,2025-07-25 00:00:00+00:00,95914.16037284838,90791.58229619863,2431.2642857142855
1753488000000,100070.0,100735.6,99770.4,100384.3,125.61653367,2025-07-26 00:00:00+00:00,96089.45996607,90887.03222359964,2419.9000000000005
1753574400000,100384.9,101835.0,100334.5,101575.8,168.20472537,2025-07-27 00:00:00+00:00,96304.6105556359,90993.3881218723,2385.1714285714293
1753660800000,101575.8,102500.0,101223.2,101800.0,319.07140721,2025-07-28 00:00:00+00:00,96520.11602404233,91100.9165982716,2259.3000000000006
1753747200000,101805.3,103229.6,101350.0,102088.4,330.41964267,2025-07-29 00:00:00+00:00,96738.48010153086,91210.24479132362,2168.17142857143
1753833600000,102088.5,103375.0,101300.0,103073.8,321.60114398,2025-07-30 00:00:00+00:00,96986.9240191179,91328.2901167831,2150.4857142857154
1753920000000,103073.8,103979.8,101253.4,101384.8,309.54181872,2025-07-31 00:00:00+00:00,97159.38974385838,91428.35489174048,2141.664285714288
1754006400000,101390.3,101668.9,97334.8,97840.1,594.03727668,2025-08-01 00:00:00+00:00,97186.08426370707,91492.15335052914,2206.042857142859
1754092800000,97847.0,98586.5,96805.7,97205.7,236.37340522,2025-08-02 00:00:00+00:00,97186.85350826758,91549.00456097165,2264.9642857142876
1754179200000,97216.8,99248.9,96667.4,98640.2,239.57687832,2025-08-03 00:00:00+00:00,97243.84748833552,91619.56371956895,2305.5714285714307
1754265600000,98640.2,100000.0,98557.3,99362.9,237.5283481,2025-08-04 00:00:00+00:00,97326.94758683216,91696.61184176231,2203.9285714285734
1754352000000,99362.9,99759.0,97414.1,98584.1,250.53067743,2025-08-05 00:00:00+00:00,97376.24768146621,91765.14406224228,2170.5714285714307
1754438400000,98561.9,99299.7,97816.2,98644.8,198.28232064,2025-08-06 00:00:00+00:00,97425.99483121264,91833.59835018017,2097.635714285716
1754524800000,98644.8,100848.3,97942.7,100619.0,281.01096925,2025-08-07 00:00:00+00:00,97551.2107201847,91921.01528201919,2173.8214285714307
1754611200000,100623.1,100825.0,99382.2,100158.1,235.22365078,2025-08-08 00:00:00+00:00,97653.44167233432,92002.97632398915,2052.8142857142875
1754697600000,100158.1,100938.1,99600.4,99642.7,203.23231792,2025-08-09 00:00:00+00:00,97731.45180283101,92078.99347499423,2079.42142857143
1754784000000,99642.7,102222.1,99642.6,102222.1,185.93932474,2025-08-10 00:00:00+00:00,97907.55565370039,92179.91990807888,2156.4928571428586
1754870400000,102222.1,104597.0,101687.3,102188.5,676.53268997,2025-08-11 00:00:00+00:00,98075.43582414351,92279.50776969004,2273.1285714285727
1754956800000,102188.5,102925.0,101841.0,102829.9,252.730752,2025-08-12 00:00:00+00:00,98261.8853996673,92384.48679685731,2216.3000000000006
1755043200000,102795.1,105000.0,101777.3,104900.0,553.71603854,2025-08-13 00:00:00+00:00,98522.2036192882,92509.01926654033,2298.278571428572
1755129600000,104900.1,106777.0,100794.4,101620.6,1011.76476947,2025-08-14 00:00:00+00:00,98643.70935970827,92599.68176140063,2530.8642857142863
1755216000000,101621.9,102341.1,99750.0,100397.1,360.23578633,2025-08-15 00:00:00+00:00,98712.46977697461,92677.26801253097,2406.3642857142872
1755302400000,100417.6,100891.9,100309.6,100522.9,121.93121195,2025-08-16 00:00:00+00:00,98783.46704062267,92755.33400245603,2320.757142857143
1755388800000,100523.0,101406.0,100358.0,100358.1,113.66772875,2025-08-17 00:00:00+00:00,98845.21735275512,92830.98341536692,2211.221428571429
1755475200000,100358.1,100399.0,98212.6,99657.9,410.83226166,2025-08-18 00:00:00+00:00,98877.08726049021,92898.91293362198,2264.342857142857
1755561600000,99657.9,100161.3,96843.7,96964.2,379.33551164,2025-08-19 00:00:00+00:00,98802.07207380432,92939.36355119788,2333.82142857143
1755648000000,96963.8,98375.3,96430.0,98101.9,302.68362305,2025-08-20 00:00:00+00:00,98774.61434541983,92990.7320730765,2366.8071428571443
1755734400000,98101.9,98500.0,96516.4,96834.9,273.56956407,2025-08-21 00:00:00+00:00,98698.54711618768,93028.98250021008,2300.950000000001
1755820800000,96860.9,100100.0,96200.0,99248.7,474.77888767,2025-08-22 00:00:00+00:00,98720.12173908229,93090.8702365264,2476.4642857142867
1755907200000,99248.8,99321.9,97261.1,97922.7,124.10601185,2025-08-23 00:00:00+00:00,98688.85029833397,93138.94814462068,2528.114285714285
1755993600000,97922.7,98089.2,94000.0,96824.5,287.85387802,2025-08-24 00:00:00+00:00,98615.73852192872,93175.62030238565,2635.9499999999994
1756080000000,96831.5,97045.8,94130.0,94854.4,485.62478381,2025-08-25 00:00:00+00:00,98468.23505048054,93192.32457798382,2636.3857142857137
1756166400000,94854.4,96565.3,93352.6,96072.7,366.71167143,2025-08-26 00:00:00+00:00,98374.29249948131,93220.98502994418,2788.435714285714
1756252800000,96072.7,97214.3,95330.7,95526.7,399.37025062,2025-08-27 00:00:00+00:00,98262.622205384,93243.92746745716,2692.785714285714
1756339200000,95526.7,97474.1,95300.0,96350.1,278.47446714,2025-08-28 00:00:00+00:00,98187.62133458463,93274.83465683571,2420.75
1756425600000,96350.1,96402.4,92088.0,92803.7,844.48111717,2025-08-29 00:00:00+00:00,97976.48716460093,93270.14674980252,2543.8428571428562
1756512000000,92803.7,93275.7,92000.0,93198.4,142.21028077,2025-08-30 00:00:00+00:00,97789.11119736166,93269.43285179453,2593.371428571428
1756598400000,93200.0,93737.1,92500.0,92600.0,99.08213787,2025-08-31 00:00:00+00:00,97585.61664060238,93262.7718283936,2606.878571428572
1756684800000,92600.0,93670.0,91620.6,93269.5,401.08630851,2025-09-01 00:00:00+00:00,97416.35716450032,93262.83877537477,2597.092857142857
1756771200000,93269.5,95800.0,93022.6,95583.2,323.81311783,2025-09-02 00:00:00+00:00,97344.46864824541,93285.92694676407,2558.5071428571423
1756857600000,95589.1,96499.1,95046.8,95830.2,285.80568908,2025-09-03 00:00:00+00:00,97285.0855640005,93311.2430965475,2523.2928571428565
1756944000000,95830.2,96230.0,93698.3,95001.0,366.22021009,2025-09-04 00:00:00+00:00,97195.51358109852,93328.0565980744,2562.4428571428557
1757030400000,95001.1,96747.5,94066.9,94497.6,423.46049321,2025-09-05 00:00:00+00:00,97089.71304850643,93339.69384585477,2475.3428571428562
1757116800000,94508.8,95000.0,93986.8,94123.9,148.11581563,2025-09-06 00:00:00+00:00,96973.40665444735,93347.49689216468,2400.5142857142855
1757203200000,94123.9,95240.0,94123.9,94900.6,99.78744826,2025-09-07 00:00:00+00:00,96892.12011897881,93362.95065443171,2188.1500000000005
1757289600000,94897.5,96092.4,94500.0,95232.0,280.4840646,2025-09-08 00:00:00+00:00,96827.01736921494,93381.54816035776,2093.621428571428
1757376000000,95232.0,96241.4,94391.4,95291.4,246.77936941,2025-09-09 00:00:00+00:00,96766.79708022613,93400.55166124973,1996.2857142857142
1757462400000,95300.0,97490.0,94875.0,97355.1,541.24863934,2025-09-10 00:00:00+00:00,96789.86778296236,93439.90040093879,2048.528571428571
1757548800000,97355.2,98392.0,96761.1,98392.0,534.42127563,2025-09-11 00:00:00+00:00,96852.696497356,93489.17502381503,2009.7285714285701
1757635200000,98392.0,99435.3,97965.3,98839.3,376.24511044,2025-09-12 00:00:00+00:00,96930.60251706753,93542.41009820494,1806.557142857142
1757721600000,98839.3,99051.6,97800.0,98537.9,107.42096418,2025-09-13 00:00:00+00:00,96993.63379090802,93592.11646538698,1804.8357142857142
1757808000000,98537.9,98920.0,97950.0,98368.2,130.73399041,2025-09-14 00:00:00+00:00,97047.53834812732,93639.63968463686,1785.7571428571423
1757894400000,98368.3,99500.0,97301.0,98085.9,250.17355047,2025-09-15 00:00:00+00:00,97088.25841290664,93683.88108080963,1796.4428571428568
1757980800000,98086.0,98600.0,97100.0,98400.0,271.78469322,2025-09-16 00:00:00+00:00,97139.69925945932,93730.80763721949,1705.2000000000003
1758067200000,98400.1,99042.7,96800.0,98480.6,308.87705209,2025-09-17 00:00:00+00:00,97192.28360222562,93778.06925276956,1761.6571428571426
1758153600000,98480.6,100075.2,98300.1,99345.3,428.73890559,2025-09-18 00:00:00+00:00,97276.71561782462,93833.46458358777,1707.6142857142852
1758240000000,99345.3,99700.0,98104.7,98556.1,256.8690853,2025-09-19 00:00:00+00:00,97326.88755438052,93880.45598076601,1630.0928571428562
1758326400000,98556.2,98949.9,98396.8,98612.3,50.70968935,2025-09-20 00:00:00+00:00,97377.29588558128,93927.53900583302,1597.2285714285701
1758412800000,98612.3,98708.0,98198.8,98259.6,81.84001312,2025-09-21 00:00:00+00:00,97411.89604693103,93970.6440903521,1553.8785714285696
1758499200000,98250.9,98430.2,95000.0,95574.3,566.23849126,2025-09-22 00:00:00+00:00,97339.8334568553,93986.60086557249,1685.1499999999983
1758585600000,95575.0,96072.5,94462.2,94832.0,248.65673457,2025-09-23 00:00:00+00:00,97241.48704678254,93995.01279725833,1668.0285714285699
1758672000000,94832.0,97117.4,94200.0,96534.5,319.81005069,2025-09-24 00:00:00+00:00,97213.76206455578,94020.28132663885,1689.6285714285696
1758758400000,96557.7,96702.2,93270.0,93540.4,525.10294138,2025-09-25 00:00:00+00:00,97069.70865025948,94015.50638806533,1818.2928571428554
1758844800000,93533.6,94361.3,93126.0,93833.8,294.94046967,2025-09-26 00:00:00+00:00,96942.81027181793,94013.69836430349,1801.5285714285699
1758931200000,93833.8,93881.4,93400.0,93820.6,55.69918071,2025-09-27 00:00:00+00:00,96820.37065331527,94011.77698754426,1746.5142857142835
1759017600000,93820.6,96027.5,93450.0,95864.9,129.08664893,2025-09-28 00:00:00+00:00,96782.90121593035,94030.21602249407,1861.335714285712
1759104000000,95865.0,97580.0,95151.1,97520.0,279.22077964,2025-09-29 00:00:00+00:00,96811.80705059976,94064.94024117573,1877.7571428571403
1759190400000,97503.3,97970.6,95920.0,97196.9,289.5789892,2025-09-30 00:00:00+00:00,96826.90873488996,94096.1040198705,1917.085714285712
1759276800000,97196.9,101073.0,97100.1,101065.5,619.4363959,2025-10-01 00:00:00+00:00,96993.1280001884,94165.45124355338,2040.671428571426
1759363200000,101065.6,103166.2,100731.8,102783.5,653.94056119,2025-10-02 00:00:00+00:00,97220.20141194573,94251.20297247326,2087.7642857142832
1759449600000,102783.5,105335.4,101610.0,103991.1,729.03203958,2025-10-03 00:00:00+00:00,97485.72684677139,94348.11737075711,2239.914285714283
1759536000000,104011.4,104499.4,103128.1,103987.5,198.50914132,2025-10-04 00:00:00+00:00,97740.69834297644,94444.03162577446,2298.35714285714
1759622400000,104000.0,106227.9,103588.1,105048.9,520.27039898,2025-10-05 00:00:00+00:00,98027.29448638913,94549.55270412496,2450.5428571428533
1759708800000,105048.9,107424.9,104850.0,106275.9,828.15823395,2025-10-06 00:00:00+00:00,98350.76921241308,94666.23277672073,2389.449999999996
1759795200000,106251.4,107200.0,103462.7,104184.3,485.05473424,2025-10-07 00:00:00+00:00,98579.53512565179,94760.93991327078,2541.3785714285673
1759881600000,104158.0,106955.0,104154.5,106029.7,336.92649494,2025-10-08 00:00:00+00:00,98871.6984540576,94873.06687930788,2533.028571428568
1759968000000,106029.6,106606.0,103637.3,105192.9,705.16865149,2025-10-09 00:00:00+00:00,99119.58871076122,94975.75178598144,2499.921428571425
1760054400000,105198.8,105909.0,91211.0,98380.1,1419.33120193,2025-10-10 00:00:00+00:00,99090.58915347648,95009.62589756373,3461.5428571428533
1760140800000,98364.5,98665.8,95628.1,96640.5,764.50719654,2025-10-11 00:00:00+00:00,98994.50722588917,95025.85350057305,3644.135714285711
1760227200000,96649.7,100249.9,95600.0,99268.5,644.96143755,2025-10-12 00:00:00+00:00,99005.25204056018,95068.06888862705,3792.164285714282
1760313600000,99268.5,100300.0,98320.6,99691.8,386.68087819,2025-10-13 00:00:00+00:00,99032.17548994998,95114.07616336709,3760.057142857139
1760400000000,99721.7,99955.0,95113.0,97570.7,577.63614836,2025-10-14 00:00:00+00:00,98974.86272563822,95138.52018164206,3959.442857142853
1760486400000,97559.3,97815.2,94810.1,95164.6,668.74168444,2025-10-15 00:00:00+00:00,98825.44065796613,95138.77968232225,3890.314285714281
1760572800000,95164.7,96156.3,92010.0,92534.5,685.60280724,2025-10-16 00:00:00+00:00,98578.73710275178,95112.86645165237,4012.592857142853
1760659200000,92534.5,93339.0,88522.2,91459.2,921.0023363,2025-10-17 00:00:00+00:00,98299.53956931054,95076.51156158617,4090.5499999999965
1760745600000,91459.2,92398.8,91406.3,92099.0,155.44654553,2025-10-18 00:00:00+00:00,98056.38115482777,95046.88458087388,4063.4928571428545
1760832000000,92099.0,94130.6,91200.0,93283.6,262.48494285,2025-10-19 00:00:00+00:00,97869.21326640315,95029.33946066619,4084.2642857142846
1760918400000,93283.6,95843.2,92186.7,95000.1,446.50486153,2025-10-20 00:00:00+00:00,97756.69902066185,95029.04852075907,4161.521428571427
1761004800000,95000.1,98143.3,92450.0,93421.9,569.22296779,2025-10-21 00:00:00+00:00,97586.70690220453,95013.05699318934,4301.235714285714
1761091200000,93400.2,94000.0,91727.4,92700.1,448.86128604,2025-10-22 00:00:00+00:00,97395.07525898083,94990.04249574468,4263.528571428571
1761177600000,92700.1,95821.1,92650.0,94736.9,354.79691515,2025-10-23 00:00:00+00:00,97290.83309196198,94987.52366494125,4277.9857142857145
1761264000000,94736.9,96249.9,94355.6,95465.5,290.2753422,2025-10-24 00:00:00+00:00,97219.25140208112,94992.27964837468,3363.435714285714
1761350400000,95465.6,96200.0,95223.3,96007.5,191.19113929,2025-10-25 00:00:00+00:00,97171.7317392544,95002.38134341573,3216.221428571428
1761436800000,96007.3,99076.6,95700.0,98425.1,330.82487222,2025-10-26 00:00:00+00:00,97220.88343575424,95036.4382454713,3125.2714285714287
1761523200000,98425.1,100000.0,97702.1,97921.8,522.055428,2025-10-27 00:00:00+00:00,97248.3703598423,95065.14831268055,3148.0214285714287
1761609600000,97909.5,99639.8,96396.0,96934.3,300.86999168,2025-10-28 00:00:00+00:00,97236.0538751426,95083.74683693249,3033.8642857142863
1761696000000,96931.6,97738.3,94300.0,94849.2,470.86740785,2025-10-29 00:00:00+00:00,97142.45176239191,95081.41303756002,3064.8071428571443
1761782400000,94848.1,96100.0,92000.0,93620.1,544.36555046,2025-10-30 00:00:00+00:00,97004.32032072949,95066.8726093256,3061.500000000001
1761868800000,93637.8,96308.8,93621.8,94881.4,383.42029544,2025-10-31 00:00:00+00:00,96921.06854344597,95065.02711072534,2909.4928571428577
1761955200000,94881.4,95650.0,94722.3,95247.3,114.52914275,2025-11-01 00:00:00+00:00,96855.43056135006,95066.84077131514,2904.8642857142863
1762041600000,95247.3,96159.4,94742.7,95814.3,170.68273446,2025-11-02 00:00:00+00:00,96814.60191188536,95074.27817657568,2796.7285714285713
1762128000000,95814.3,96022.2,91450.1,92471.2,695.85589073,2025-11-03 00:00:00+00:00,96644.27242514475,95048.37690118687,2862.1285714285705
1762214400000,92471.3,93149.0,86106.3,88400.1,1502.12390792,2025-11-04 00:00:00+00:00,96320.97154572731,94982.22489221985,2958.5142857142846
1762300800000,88400.1,91021.6,86090.8,90416.5,604.06804867,2025-11-05 00:00:00+00:00,96089.4236419733,94936.79479378981,3148.3857142857128
1762387200000,90416.5,90538.4,86960.0,87729.0,484.68032738,2025-11-06 00:00:00+00:00,95761.5638913077,94865.07544260783,3177.478571428569
1762473600000,87729.0,89912.5,85839.4,89307.8,578.2141562,2025-11-07 00:00:00+00:00,95508.47511125641,94809.77916954707,3333.1071428571418
1762560000000,89307.9,89325.8,87720.8,88421.2,174.77105396,2025-11-08 00:00:00+00:00,95230.54275395224,94746.21121761127,3377.9857142857136
1762646400000,88421.2,91135.2,87700.0,90657.2,368.2782589,2025-11-09 00:00:00+00:00,95051.19597928744,94705.52453882908,3382.171428571427
1762732800000,90657.2,92162.4,90225.1,91690.5,571.34013922,2025-11-10 00:00:00+00:00,94919.4039800997,94675.52429466162,3356.414285714284
1762819200000,91690.5,92934.0,88448.4,88941.2,400.15546708,2025-11-11 00:00:00+00:00,94684.96460833108,94618.46634148092,3445.114285714284
1762905600000,88946.1,90989.3,87073.7,87700.0,447.42033468,2025-11-12 00:00:00+00:00,94411.04442761221,94549.62588037166,3479.207142857141
1762992000000,87700.0,89757.5,84215.0,85777.2,928.85909006,2025-11-13 00:00:00+00:00,94072.46229319605,94462.33806066649,3582.242857142856
1763078400000,85716.7,85813.7,80790.1,81299.9,1378.94107613,2025-11-14 00:00:00+00:00,93571.57749738444,94331.36852772454,3749.021428571427
1763164800000,81300.0,83228.6,81300.0,82279.2,321.44233606,2025-11-15 00:00:00+00:00,93128.73916415368,94211.44645282181,3820.521428571428
1763251200000,82279.3,83111.0,79889.2,81022.1,952.14236671,2025-11-16 00:00:00+00:00,92653.96900085354,94080.20917468428,3949.4571428571426
1763337600000,81016.7,82774.0,78621.0,79362.6,842.49123921,2025-11-17 00:00:00+00:00,92132.73884395733,93933.76530229936,3919.5214285714287
1763424000000,79362.7,80990.3,76848.2,80216.7,1171.28687404,2025-11-18 00:00:00+00:00,91665.44320301783,93797.27709033618,3712.3357142857153
1763510400000,80227.7,80241.0,76800.0,79258.5,1008.98151486,2025-11-19 00:00:00+00:00,91178.89641074263,93652.61264167613,3605.9214285714293
1763596800000,79258.5,80777.0,74587.2,75034.4,1411.51170074,2025-11-20 00:00:00+00:00,90545.778904439,93467.35679449527,3792.450000000001
1763683200000,75034.4,75765.0,70015.7,73930.5,1720.40409828,2025-11-21 00:00:00+00:00,89894.19933955904,93272.96020947542,3912.1785714285725
1763769600000,73929.6,74285.0,72606.9,73599.9,333.37004639,2025-11-22 00:00:00+00:00,89255.20720859594,93077.20836659506,3917.4000000000015
1763856000000,73600.0,76612.4,73559.2,75483.9,759.72267985,2025-11-23 00:00:00+00:00,88715.15594551375,92902.15057190259,3890.1142857142872
1763942400000,75483.9,77432.0,73961.0,76653.2,1025.94531913,2025-11-24 00:00:00+00:00,88242.13806529752,92740.46947168466,3999.664285714288
1764028800000,76653.2,76872.4,74450.0,75540.2,573.51902796,2025-11-25 00:00:00+00:00,87744.02284705057,92569.3225117674,3852.292857142859
1764115200000,75540.2,78220.2,74606.2,78059.6,581.32694352,2025-11-26 00:00:00+00:00,87364.24155893095,92424.94716339161,3830.750000000001
1764201600000,78059.7,79439.6,77700.0,78763.2,625.02345863,2025-11-27 00:00:00+00:00,87026.9458115219,92289.0093806713,3559.1142857142872
1764288000000,78763.3,80449.9,77868.7,78470.1,589.11849496,2025-11-28 00:00:00+00:00,86691.38323067791,92151.50779479397,3384.6571428571447
1764374400000,78470.1,78712.4,77900.0,78383.2,177.64439351,2025-11-29 00:00:00+00:00,86365.5721235925,92014.50970728359,3304.9214285714293
1764460800000,78383.3,79374.1,77940.0,77940.1,220.33525225,2025-11-30 00:00:00+00:00,86035.16145207908,91874.46582959918,3177.228571428572
1764547200000,77940.1,77971.1,72150.0,74358.1,1103.14754843,2025-12-01 00:00:00+00:00,85577.23747356617,91700.17363228975,3296.3785714285727
1764633600000,74350.8,79475.0,74257.0,78508.7,744.02605515,2025-12-02 00:00:00+00:00,85300.03992558319,91568.91518818737,3373.228571428572
1764720000000,78520.2,80694.2,78303.1,80116.0,628.42980233,2025-12-03 00:00:00+00:00,85096.74424222698,91454.95583308104,3298.2357142857145
1764806400000,80116.0,80672.4,78074.7,79131.3,500.34117917,2025-12-04 00:00:00+00:00,84862.80525233573,91332.33239195586,3041.657142857143
1764892800000,79131.4,79589.1,75782.4,76823.9,432.09801068,2025-12-05 00:00:00+00:00,84547.55406596963,91187.96988059313,2902.9000000000005
1764979200000,76823.8,77600.0,76540.0,76756.5,193.23846622,2025-12-06 00:00:00+00:00,84242.02253397083,91044.37316536334,2858.75
1765065600000,76760.6,78903.1,75444.0,77693.9,309.81212045,2025-12-07 00:00:00+00:00,83985.23341499158,90911.53263635476,2887.7428571428577
1765152000000,77693.9,79179.0,77148.0,77897.7,437.26749807,2025-12-08 00:00:00+00:00,83746.50661440368,90782.04176435125,2784.885714285715
1765238400000,77897.7,81288.3,76861.6,79672.3,680.68274388,2025-12-09 00:00:00+00:00,83586.7338059957,90671.4970701786,2928.0500000000006
1765324800000,79669.4,80839.8,78625.0,78662.6,534.81784547,2025-12-10 00:00:00+00:00,83393.63051948606,90552.00555704249,2828.107142857144
1765411200000,78679.5,79729.4,76025.3,78818.1,709.94793298,2025-12-11 00:00:00+00:00,83214.19795009444,90435.25027786795,2968.4285714285716
1765497600000,78835.1,79057.7,76333.8,76952.1,439.45674679,2025-12-12 00:00:00+00:00,82968.6254814633,90301.08957858568,2978.621428571428
1765584000000,76952.1,77254.9,76502.0,76952.2,105.1428249,2025-12-13 00:00:00+00:00,82732.68722728828,90168.26480665946,2974.371428571428
1765670400000,76952.2,77116.4,74632.8,75132.6,386.36938057,2025-12-14 00:00:00+00:00,82434.64459092403,90018.65620161807,3049.335714285713
1765756800000,75132.7,76718.9,72544.4,73545.2,795.01834678,2025-12-15 00:00:00+00:00,82086.03892069172,89854.7412145373,2931.7214285714267
1765843200000,73545.2,74875.5,72557.2,74758.5,760.92315865,2025-12-16 00:00:00+00:00,81798.6844532136,89704.52985916876,2724.5999999999985
1765929600000,74760.0,76875.6,72558.1,73423.0,936.00774785,2025-12-17 00:00:00+00:00,81470.22623936209,89542.52458693822,2862.1999999999994
1766016000000,73408.9,76125.0,72000.0,72898.4,693.83231812,2025-12-18 00:00:00+00:00,81134.07619075966,89376.91140696869,2971.2928571428565
1766102400000,72895.3,76239.2,72585.3,75232.1,521.95163927,2025-12-19 00:00:00+00:00,80902.6261440632,89236.16701485956,2960.3785714285696
1766188800000,75232.1,75552.1,74977.0,75433.1,164.04913743,2025-12-20 00:00:00+00:00,80688.13492272739,89098.82306446295,2925.742857142856
1766275200000,75433.1,76038.5,74805.0,75665.3,184.53640328,2025-12-21 00:00:00+00:00,80491.16100418905,88965.15616829915,2766.771428571427
1766361600000,75672.7,77132.8,74785.0,75280.2,578.28276817,2025-12-22 00:00:00+00:00,80286.80959226008,88828.98745020662,2789.3999999999983
1766448000000,75283.3,75538.1,73569.4,74112.9,485.67393797,2025-12-23 00:00:00+00:00,80044.69549060281,88682.5587193588,2613.8285714285707
1766534400000,74113.0,74690.8,73333.1,74393.7,606.0752991,2025-12-24 00:00:00+00:00,79823.08782430466,88540.38102065872,2552.6071428571418
1766620800000,74393.7,75100.0,73789.0,74004.6,454.02260241,2025-12-25 00:00:00+00:00,79594.91183119467,88395.74638363725,2381.6714285714284
1766707200000,73998.4,75962.8,73500.0,74171.2,920.70360167,2025-12-26 00:00:00+00:00,79382.21724957919,88254.20860867568,2363.0214285714287
1766793600000,74171.2,74633.0,74048.8,74557.3,135.29337009,2025-12-27 00:00:00+00:00,79193.00480841922,88117.92096082815,2350.971428571429
1766880000000,74560.0,74750.3,74124.6,74579.0,270.16262749,2025-12-28 00:00:00+00:00,79012.06344338319,87983.20532937713,2218.2642857142864
1766966400000,74579.0,76655.3,73730.1,74020.0,599.23439564,2025-12-29 00:00:00+00:00,78816.29624952502,87844.26796291568,2129.028571428572
1767052800000,74020.0,75939.0,73695.0,75262.2,575.72557683,2025-12-30 00:00:00+00:00,78676.91992601423,87719.07325681702,2123.721428571429
1767139200000,75247.0,75857.9,74153.0,74500.1,644.75304793,2025-12-31 00:00:00+00:00,78513.12306617053,87587.54118460989,1937.107142857143
1767225600000,74500.1,75580.0,74405.6,75523.1,335.60103286,2026-01-01 00:00:00+00:00,78395.86725965404,87467.49699371825,1726.3499999999997
1767312000000,75523.0,77482.9,75074.4,76784.8,530.28134951,2026-01-02 00:00:00+00:00,78332.68815143232,87361.20150124344,1637.392857142857
1767398400000,76776.1,77439.8,76206.2,77355.1,160.60041351,2026-01-03 00:00:00+00:00,78294.35136118007,87261.6383022261,1684.4285714285713
1767484800000,77355.1,78331.0,77355.0,78180.6,275.96296724,2026-01-04 00:00:00+00:00,78289.89052348674,87171.2797121542,1666.0357142857142
1767571200000,78172.4,80899.9,78172.4,80150.0,826.86360122,2026-01-05 00:00:00+00:00,78362.83599315393,87101.41623243128,1693.1571428571426
1767657600000,80150.1,80835.6,77952.9,80190.8,623.82254878,2026-01-06 00:00:00+00:00,78434.52085616751,87032.65388185982,1758.4428571428568
1767744000000,80190.9,80191.5,77589.5,78211.0,435.63747951,2026-01-07 00:00:00+00:00,78425.75533239625,86944.87623129405,1847.3214285714287
1767830400000,78191.7,78454.6,76531.5,78101.6,320.97410849,2026-01-08 00:00:00+00:00,78413.04335857679,86856.88343297273,1891.0428571428577
1767916800000,78095.3,79028.0,76963.8,77818.8,274.48673595,2026-01-09 00:00:00+00:00,78389.73969745613,86766.9522545352,1862.5714285714287
1768003200000,77818.8,77999.0,77639.8,77755.6,83.58123974,2026-01-10 00:00:00+00:00,78364.87147402648,86677.28705797266,1846.5
1768089600000,77755.6,78348.4,77500.0,78175.0,194.16011439,2026-01-11 00:00:00+00:00,78357.42553386859,86592.68718674906,1862.4071428571426
1768176000000,78181.9,79250.0,77052.1,78162.4,332.73205139,2026-01-12 00:00:00+00:00,78349.77747371688,86508.80373215454,1810.4571428571423
1768262400000,78162.5,82952.2,78023.0,81906.3,734.35432096,2026-01-13 00:00:00+00:00,78489.24894533583,86463.00767511819,2002.2571428571423
1768348800000,81908.2,84100.0,81162.8,83258.4,801.68282563,2026-01-14 00:00:00+00:00,78676.2744768913,86431.12103158468,2090.278571428571
1768435200000,83265.3,83687.9,81726.1,82316.7,520.32707084,2026-01-15 00:00:00+00:00,78819.03626211126,86390.1815188326,2146.521428571428
1768521600000,82316.7,82557.9,81329.4,82344.3,260.46608018,2026-01-16 00:00:00+00:00,78957.2818988912,86349.92399128203,2062.2357142857136
1768608000000,82344.4,82450.0,81905.5,82090.2,101.33538138,2026-01-17 00:00:00+00:00,79080.14143226802,86307.53867793595,2013.0142857142844
1768694400000,82090.2,82466.8,80524.0,80594.6,183.83359391,2026-01-18 00:00:00+00:00,79139.53196433594,86250.69351696147,2082.0714285714275
1768780800000,80594.6,80594.6,78085.7,79514.0,530.32429352,2026-01-19 00:00:00+00:00,79154.21698534237,86183.66174067331,2066.4571428571426
1768867200000,79514.0,79709.9,74880.0,75314.2,666.2554761,2026-01-20 00:00:00+00:00,79003.6280839564,86075.5078925074,2205.5428571428556
1768953600000,75318.8,77341.5,74485.5,76572.5,839.00685307,2026-01-21 00:00:00+00:00,78908.28972772282,85980.95060004466,2223.6857142857125
1769040000000,76573.7,77269.2,75411.9,76119.8,316.07961969,2026-01-22 00:00:00+00:00,78798.93718938074,85882.82969855168,2218.985714285712
1769126400000,76129.4,77300.0,75330.3,75683.3,345.58828605,2026-01-23 00:00:00+00:00,78676.7553388168,85781.34184085466,2212.235714285712
1769212800000,75683.3,75961.5,75301.1,75381.4,127.07875903,2026-01-24 00:00:00+00:00,78547.52571768673,85677.85983248796,2233.7499999999977
1769299200000,75381.4,75445.3,72388.3,73011.3,754.81267099,2026-01-25 00:00:00+00:00,78330.41882679706,85551.82441126918,2391.5071428571414
1769385600000,73011.3,74762.6,72891.9,74338.3,491.72171715,2026-01-26 00:00:00+00:00,78173.86514731483,85440.24705394312,2368.1357142857137
1769472000000,74326.9,74812.3,72805.0,74150.1,405.87895853,2026-01-27 00:00:00+00:00,78016.07043565543,85327.9072822621,2159.4285714285716
1769558400000,74150.1,75784.7,73978.5,74418.6,369.74183594,2026-01-28 00:00:00+00:00,77874.99316366894,85219.35696104556,2078.6428571428573
1769644800000,74447.3,74515.0,69636.1,70660.8,1136.62104379,2026-01-29 00:00:00+00:00,77592.08362783879,85074.49569775158,2287.007142857143
1769731200000,70660.8,71185.6,67881.9,71001.6,1308.1960914,2026-01-30 00:00:00+00:00,77333.63328949217,84934.46688483864,2435.2357142857154
1769817600000,71001.6,71011.6,63742.0,66548.4,2065.24026662,2026-01-31 00:00:00+00:00,76910.68296441405,84751.52094568602,2915.6000000000017
1769904000000,66551.1,67127.1,63930.8,64904.1,1100.63111346,2026-02-01 00:00:00+00:00,76439.83657365272,84554.03417010706,3005.135714285716
1769990400000,64908.5,67175.4,62824.1,66700.1,1191.91946754,2026-02-02 00:00:00+00:00,76057.88611978399,84376.38308383734,3136.735714285715
1770076800000,66700.1,67019.0,61747.9,64048.2,1249.42246995,2026-02-03 00:00:00+00:00,75586.9180366552,84174.1126053912,3168.250000000001
1770163200000,64054.1,65033.7,60777.0,61870.5,1479.71501822,2026-02-04 00:00:00+00:00,75049.01929011972,83952.18611180522,3268.3000000000006
1770249600000,61870.6,61978.1,52815.0,53369.4,4277.05237339,2026-02-05 00:00:00+00:00,74198.83814148758,83647.87978233452,3790.142857142858
1770336000000,53381.2,60781.9,51650.0,59794.6,2788.17680873,2026-02-06 00:00:00+00:00,73633.96605750767,83410.53371484861,4301.728571428573
1770422400000,59799.8,60700.0,57038.0,58746.9,737.15343815,2026-02-07 00:00:00+00:00,73050.15954544855,83165.1244241536,4516.128571428572
1770508800000,58746.9,61192.0,58383.8,59487.3,712.27840139,2026-02-08 00:00:00+00:00,72518.282700529,82929.5241811272,4498.357142857144
1770595200000,59487.3,60400.0,57333.1,58900.8,868.161585,2026-02-09 00:00:00+00:00,71984.26377109649,82690.43239823042,4583.8
1770681600000,58900.8,59210.9,57000.0,57888.9,685.78074566,2026-02-10 00:00:00+00:00,71431.50440752407,82443.65098133261,4598.342857142858
1770768000000,57888.9,58200.0,55421.1,56472.0,1363.98406966,2026-02-11 00:00:00+00:00,70844.85717585646,82185.22659345866,4667.821428571429
1770854400000,56452.9,57547.7,54879.7,55789.4,804.1891112,2026-02-12 00:00:00+00:00,70254.44709052876,81922.58155272773,4509.900000000001
1770940800000,55799.8,58475.0,55481.1,58002.3,1069.58490559,2026-02-13 00:00:00+00:00,69773.97073403744,81684.5688009593,4487.771428571429
1771027200000,58000.1,59517.9,57911.2,58901.6,546.83937265,2026-02-14 00:00:00+00:00,69347.60325427128,81457.87259398458,4083.2785714285715
1771113600000,58899.8,59895.9,57350.0,57985.3,590.15089884,2026-02-15 00:00:00+00:00,68902.02273449594,81224.31465772603,4036.8214285714284
1771200000000,57985.2,59136.3,56769.1,58122.1,463.27142188,2026-02-16 00:00:00+00:00,68479.2806664765,80994.4418750621,3895.100000000001
1771286400000,58113.2,58393.0,56404.8,56938.0,501.48466336,2026-02-17 00:00:00+00:00,68026.68142465389,80755.07429421572,3660.6071428571436
1771372800000,56947.3,57842.2,55879.3,56379.6,698.28833259,2026-02-18 00:00:00+00:00,67569.93313349098,80512.53226143746,3496.764285714286
1771459200000,56365.1,57063.5,55879.3,56898.4,648.88452395,2026-02-19 00:00:00+00:00,67151.44163805996,80277.5657712739,2926.842857142857
1771545600000,56916.2,58051.7,56459.3,57706.5,798.79054274,2026-02-20 00:00:00+00:00,66781.05176990075,80052.97805215674,2388.3071428571425
1771632000000,57697.9,58285.0,57300.1,57712.6,213.5479926,2026-02-21 00:00:00+00:00,66425.42621029679,79830.68573322982,2197.085714285714
1771718400000,57700.1,57933.0,57033.9,57170.0,157.57898401,2026-02-22 00:00:00+00:00,66062.46831969691,79605.20627319769,2060.7214285714285
1771804800000,57170.1,57190.1,54183.8,54811.6,1501.89556741,2026-02-23 00:00:00+00:00,65621.25779735587,79358.50372321563,2056.3928571428564
1771891200000,54811.6,55121.1,53027.5,54401.7,925.81091492,2026-02-24 00:00:00+00:00,65181.27513863603,79110.1773180095,2048.014285714285
1771977600000,54418.2,59296.8,54274.6,57544.9,1186.17705105,2026-02-25 00:00:00+00:00,64881.80944692482,78895.59744419847,2208.2499999999995
1772064000000,57561.0,58270.0,56421.0,57181.0,844.65702218,2026-02-26 00:00:00+00:00,64579.816919594436,78679.53179798754,2149.7499999999995
1772150400000,57181.0,57799.9,55000.0,55800.5,840.24515069,2026-02-27 00:00:00+00:00,64235.529981571126,78451.87974029612,2135.8928571428564
1772236800000,55799.7,57434.9,53437.5,56786.1,1195.21086237,2026-02-28 00:00:00+00:00,63943.39547248991,78236.29984238274,2306.657142857142
1772323200000,56769.0,57766.9,55221.3,55916.0,934.95194216,2026-03-01 00:00:00+00:00,63628.59565003932,78014.20730663763,2306.635714285713
1772409600000,55920.0,59985.9,55800.1,58837.1,1663.16942725,2026-03-02 00:00:00+00:00,63440.693859841704,77823.39031851188,2436.5357142857133
1772496000000,58850.0,59533.4,57138.0,58853.2,1234.71563847,2026-03-03 00:00:00+00:00,63260.792139847916,77634.63220588988,2465.6214285714277
1772582400000,58861.4,63738.5,58109.5,62491.9,1554.63554961,2026-03-04 00:00:00+00:00,63230.6395069127,77483.95825359247,2727.485714285714
1772668800000,62482.9,63400.0,61001.0,61107.1,903.22050505,2026-03-05 00:00:00+00:00,63147.36344781808,77321.0044401239,2814.2571428571428
1772755200000,61107.1,61480.7,58443.1,58681.8,629.62360535,2026-03-06 00:00:00+00:00,62972.243312609535,77135.53971932664,2917.4857142857145
1772841600000,58681.8,59048.9,57721.4,58012.5,312.6488367,2026-03-07 00:00:00+00:00,62777.74357486014,76945.2607171443,2941.957142857143
1772928000000,58014.8,58818.5,56900.0,57284.0,478.90306224,2026-03-08 00:00:00+00:00,62562.30265035583,76749.62628214783,3014.7714285714287
1773014400000,57284.1,60086.9,57176.2,58933.6,759.91928645,2026-03-09 00:00:00+00:00,62420.00058563599,76572.35238879314,3007.942857142858
1773100800000,58929.9,61616.0,58898.0,60265.3,1002.93012098,2026-03-10 00:00:00+00:00,62335.50252345419,76410.09316104396,3052.542857142858
1773187200000,60266.4,61620.2,59506.8,60815.0,718.67035654,2026-03-11 00:00:00+00:00,62275.874973514816,76254.91810471517,2844.7714285714287
1773273600000,60820.0,61423.8,59972.2,61218.9,732.925772,2026-03-12 00:00:00+00:00,62234.424974553454,76105.30598427024,2816.385714285715
1773360000000,61222.5,64401.5,61091.7,62119.7,1079.9796907,2026-03-13 00:00:00+00:00,62229.925955943516,75966.14572572029,2852.8071428571434
1773446400000,62119.8,62479.7,61600.0,62443.4,255.60861263,2026-03-14 00:00:00+00:00,62238.297487082986,75831.59104188229,2630.1142857142863
1773532800000,62448.7,64050.0,62147.4,63689.6,374.55866542,2026-03-15 00:00:00+00:00,62295.21131111895,75710.77521061979,2584.1857142857148
1773619200000,63689.7,65138.0,63178.2,65132.0,903.75321071,2026-03-16 00:00:00+00:00,62406.457926369185,75605.513765738,2425.1857142857148
1773705600000,65132.0,66126.0,63700.3,64083.8,635.53235919,2026-03-17 00:00:00+00:00,62472.23604690373,75490.86984767095,2427.35
1773792000000,64087.1,64774.1,61500.0,62177.2,590.95625747,2026-03-18 00:00:00+00:00,62460.66600584868,75358.39552082846,2259.1428571428573
1773878400000,62177.2,62377.4,59850.0,60400.1,586.00894451,2026-03-19 00:00:00+00:00,62379.8594958154,75209.55675942719,2268.3142857142857
1773964800000,60403.0,61670.0,60020.1,60946.1,468.75404622,2026-03-20 00:00:00+00:00,62323.6336332344,75067.6318165473,2169.1928571428575
1774051200000,60945.4,61428.0,59252.7,59607.6,176.18071696,2026-03-21 00:00:00+00:00,62217.12251036247,74913.8006541936,2229.7500000000005
1774137600000,59609.2,60197.2,58428.5,58714.8,424.09021252,2026-03-22 00:00:00+00:00,62079.77652956394,74752.61656808223,2219.05
1774224000000,58704.4,61889.1,58444.1,61076.5,730.77893329,2026-03-23 00:00:00+00:00,62040.43235193398,74616.53580621077,2257.214285714286
1774310400000,61075.4,61536.7,59582.0,60739.8,557.33083337,2026-03-24 00:00:00+00:00,61989.42716166207,74478.45883301464,2202.692857142857
1774396800000,60739.9,62139.4,60659.2,61689.6,577.77158581,2026-03-25 00:00:00+00:00,61977.66923375375,74351.20650631798,2157.4642857142862
1774483200000,61689.6,61784.0,59111.2,59648.7,592.92847766,2026-03-26 00:00:00+00:00,61886.33710693988,74204.91290924019,2244.6928571428575
1774569600000,59648.7,59942.3,56950.2,57685.9,1007.1718379,2026-03-27 00:00:00+00:00,61721.614083138316,74040.54462158606,2222.0000000000005
1774656000000,57685.8,58500.0,57269.7,57699.5,498.07421342,2026-03-28 00:00:00+00:00,61563.88411909368,73877.9471626648,2247.042857142858
1774742400000,57699.6,58343.6,56591.6,57454.4,300.30261494,2026-03-29 00:00:00+00:00,61402.72787912923,73714.5287829368,2236.285714285715
1774828800000,57445.3,59291.7,57247.8,58245.6,584.8442565,2026-03-30 00:00:00+00:00,61278.91894269279,73560.60909355435,2242.2928571428574
1774915200000,58249.9,59484.4,57518.4,58968.9,681.70069857,2026-03-31 00:00:00+00:00,61188.32996454798,73415.4179582951,2209.4571428571435
1775001600000,58960.0,59800.0,58400.1,58765.7,530.95752616,2026-04-01 00:00:00+00:00,61093.324867899035,73269.64962040163,2075.5857142857153
1775088000000,58783.1,59218.9,57049.5,57986.8,482.37878726,2026-04-02 00:00:00+00:00,60971.50036327555,73117.58146497476,2050.0142857142864
1775174400000,57980.3,58510.6,57482.0,58130.0,256.52538316,2026-04-03 00:00:00+00:00,60860.06897648043,72968.45130114417,2005.6357142857148
1775260800000,58130.0,58640.0,58000.0,58442.3,164.48492318,2026-04-04 00:00:00+00:00,60765.25450681453,72823.91248222732,1895.971428571429
1775347200000,58448.7,60035.1,57855.5,59939.2,262.54850023,2026-04-05 00:00:00+00:00,60732.860212429645,72695.7063878768,1925.3214285714291
1775433600000,59950.0,60957.1,59212.1,59654.2,384.09937348,2026-04-06 00:00:00+00:00,60690.55981194221,72565.9401551616,1803.8928571428576
1775520000000,59662.3,62289.5,58559.6,61536.9,703.67282033,2026-04-07 00:00:00+00:00,60723.7496232386,72456.19846207542,1930.692857142858
1775606400000,61532.8,62222.5,60500.0,61009.2,527.97897517,2026-04-08 00:00:00+00:00,60734.94375566062,72342.29797986572,1948.0000000000005
1775692800000,60982.3,62500.0,60395.1,61420.9,531.58356777,2026-04-09 00:00:00+00:00,60761.84400053667,72233.6273532004,1907.4357142857148
1775779200000,61421.3,62636.3,61161.1,62260.6,712.57251585,2026-04-10 00:00:00+00:00,60820.61874561367,72134.39325018348,1799.0857142857146
1775865600000,62263.6,63000.0,61925.0,62363.6,215.15102341,2026-04-11 00:00:00+00:00,60881.127814413136,72037.17142679858,1787.9928571428572
1775952000000,62370.0,62441.1,60331.9,60631.9,455.67563512,2026-04-12 00:00:00+00:00,60871.35417463223,71923.68613896974,1813.5071428571428
1776038400000,60617.4,63658.0,60400.0,63236.9,601.23364012,2026-04-13 00:00:00+00:00,60964.12067758783,71837.25045599492,1900.2285714285717
1776124800000,63262.8,64466.5,62660.3,62882.6,680.24437759,2026-04-14 00:00:00+00:00,61039.35516081969,71748.14945643277,1888.814285714286
1776211200000,62881.6,63924.3,62400.0,63365.7,421.67891733,2026-04-15 00:00:00+00:00,61130.58437019931,71664.74199915484,1897.7000000000003
1776297600000,63388.6,64098.5,62242.8,63816.7,420.91509728,2026-04-16 00:00:00+00:00,61235.92223803463,71586.652029014,1875.292857142857
1776384000000,63797.8,66382.7,63298.3,65580.0,1042.05175919,2026-04-17 00:00:00+00:00,61406.27822869994,71526.88434713328,2022.135714285714
1776470400000,65551.9,65825.4,64167.4,64396.9,287.75744844,2026-04-18 00:00:00+00:00,61523.557513848966,71455.93922925137,2094.849999999999
1776556800000,64396.9,64930.3,62902.6,62908.8,385.0604382,2026-04-19 00:00:00+00:00,61577.880748599986,71370.89306776629,2083.9999999999995
1776643200000,62912.4,64975.9,62836.5,64406.8,427.11385353,2026-04-20 00:00:00+00:00,61688.81875845881,71301.59860938055,2112.1714285714284
1776729600000,64385.0,65372.0,63829.8,65009.3,491.34709335,2026-04-21 00:00:00+00:00,61819.03370910748,71238.98867296882,1955.9071428571422
1776816000000,65019.7,67846.3,64867.3,66795.4,897.53157894,2026-04-22 00:00:00+00:00,62014.18532835817,71194.77386030246,2045.6571428571422
1776902400000,66795.5,67175.5,65978.0,67007.8,459.12834281,2026-04-23 00:00:00+00:00,62210.01335469707,71153.11242885666,1980.8428571428562
1776988800000,67002.6,67227.1,65961.8,66093.9,472.78719026,2026-04-24 00:00:00+00:00,62362.322634905024,71102.77200667899,1965.849999999999
1777075200000,66100.3,66499.6,65900.0,66298.9,127.29603738,2026-04-25 00:00:00+00:00,62516.69821784993,71054.97228521951,1931.8928571428567
1777161600000,66305.5,67492.4,66072.9,67194.1,212.10196081,2026-04-26 00:00:00+00:00,62700.12573871856,71016.55564556559,1882.6285714285711
1777248000000,67218.7,67788.8,65232.1,66004.0,449.13487623,2026-04-27 00:00:00+00:00,62829.68943523941,70966.67946998782,1832.5357142857142
1777334400000,66006.4,66099.4,64680.5,65159.1,355.28211747,2026-04-28 00:00:00+00:00,62921.03886915159,70908.89260958994,1804.8714285714284
1777420800000,65158.1,66562.9,64200.0,64852.4,431.5379542,2026-04-29 00:00:00+00:00,62996.77852134172,70848.62900153433,1864.7714285714278
1777507200000,64853.1,65549.5,64590.4,65066.3,268.00813972,2026-04-30 00:00:00+00:00,63077.93622638715,70791.09338957876,1800.7285714285706
1777593600000,65085.1,67108.8,65074.7,66743.1,324.1772707,2026-05-01 00:00:00+00:00,63221.668139077854,70750.81484838892,1726.3071428571425
1777680000000,66749.7,67499.9,66590.1,67107.9,142.22737597,2026-05-02 00:00:00+00:00,63374.069388525786,70714.56693944972,1672.8642857142852
1777766400000,67113.5,67646.8,66622.3,66961.8,326.52344351,2026-05-03 00:00:00+00:00,63514.76470662281,70677.22597487809,1601.207142857142
1777852800000,66963.4,69054.3,66777.0,68272.5,625.14674198,2026-05-04 00:00:00+00:00,63701.34256126505,70653.29835323751,1611.057142857142
1777939200000,68301.5,69921.3,68251.8,69078.4,550.99515109,2026-05-05 00:00:00+00:00,63912.20755886251,70637.62772285703,1620.1499999999994
1778025600000,69077.7,70250.0,68923.4,69321.6,578.41163487,2026-05-06 00:00:00+00:00,64124.34059576986,70624.53291964452,1502.1214285714284
1778112000000,69321.6,69602.4,67663.3,68204.9,550.47598635,2026-05-07 00:00:00+00:00,64284.36253319065,70600.45697019533,1555.0928571428562
1778198400000,68202.0,68442.4,67472.7,68064.5,330.07501307,2026-05-08 00:00:00+00:00,64432.60321816357,70575.22356750682,1533.9785714285701
1778284800000,68061.6,68791.3,68004.0,68491.0,168.41629237,2026-05-09 00:00:00+00:00,64591.75603313754,70554.48502454656,1547.3857142857128
1778371200000,68479.6,70081.8,68200.0,69819.5,238.57355929,2026-05-10 00:00:00+00:00,64796.765600465485,70547.17174072022,1580.4071428571417
1778457600000,69850.0,69996.8,68277.5,69386.4,299.0037764,2026-05-11 00:00:00+00:00,64976.75126319233,70535.62177315087,1520.5928571428558
1778544000000,69388.4,69424.5,68065.4,68597.8,276.10844215,2026-05-12 00:00:00+00:00,65118.7531744397,70516.33996446281,1516.321428571428
1778630400000,68597.1,69472.6,67213.0,67687.7,418.28672794,2026-05-13 00:00:00+00:00,65219.496187206765,70488.19429317463,1508.9428571428575
1778716800000,67692.9,70232.5,67368.5,69510.5,397.92167264,2026-05-14 00:00:00+00:00,65387.770846531996,70478.46599175001,1645.0071428571432
1778803200000,69514.4,70018.4,67666.0,68047.5,329.30782349,2026-05-15 00:00:00+00:00,65492.07395058957,70454.27727541419,1667.142857142857
1778889600000,68046.5,68152.3,66845.6,67278.3,269.75525098,2026-05-16 00:00:00+00:00,65562.1220309586,70422.67551147973,1695.4928571428577
1778976000000,67268.3,67624.5,66089.5,66670.1,162.51268017,2026-05-17 00:00:00+00:00,65605.5721473916,70385.33645166401,1731.9571428571435
1779062400000,66679.1,66722.7,65315.3,66026.5,544.14344661,2026-05-18 00:00:00+00:00,65622.0791220037,70341.96494468229,1669.8214285714287
1779148800000,66024.8,66433.6,65598.6,66149.8,260.38520916,2026-05-19 00:00:00+00:00,65642.77405839572,70300.25186065561,1610.2142857142858
1779235200000,66150.1,67013.3,65888.1,66657.9,248.75829449,2026-05-20 00:00:00+00:00,65682.58291885079,70264.00955358442,1595.8285714285707
1779321600000,66659.9,67252.0,66201.7,66781.1,355.08153555,2026-05-21 00:00:00+00:00,65725.66202007233,70229.35373713085,1532.3428571428574
1779408000000,66766.3,67003.0,65068.9,65202.7,240.5648866,2026-05-22 00:00:00+00:00,65705.15370555969,70179.33728203502,1601.2285714285717
