ts,open,high,low,close,volume,date,ema50,ema200,atr14
1730419200000,64537.4,65888.0,63250.0,64170.5,415.15612779,2024-11-01 00:00:00+00:00,64170.5,64170.5,
1730505600000,64170.5,64509.1,63802.0,64040.0,113.80829997,2024-11-02 00:00:00+00:00,64165.38235294118,64169.20149253732,
1730592000000,64040.0,64089.6,62301.0,63309.9,654.92462891,2024-11-03 00:00:00+00:00,64131.83402537487,64160.651228929986,
1730678400000,63309.9,63748.7,61431.3,62364.0,415.47503283,2024-11-04 00:00:00+00:00,64062.50720085037,64142.774102273965,
1730764800000,62363.3,64587.3,62062.1,63482.7,623.51064846,2024-11-05 00:00:00+00:00,64039.769663562125,64136.20620075881,
1730851200000,63483.2,71106.7,63401.4,70390.0,2401.85739908,2024-11-06 00:00:00+00:00,64288.79830420675,64198.43300473136,
1730937600000,70390.0,71141.8,69000.0,70301.1,890.73128758,2024-11-07 00:00:00+00:00,64524.574841296686,64259.156059410656,
1731024000000,70316.2,72100.0,70148.0,71456.5,714.69982593,2024-11-08 00:00:00+00:00,64796.415043598776,64330.77142200359,
1731110400000,71448.8,71782.0,70685.1,71565.6,342.24013036,2024-11-09 00:00:00+00:00,65061.87327718314,64402.75976606326,
1731196800000,71562.0,75700.0,71430.8,74864.8,1877.03637487,2024-11-10 00:00:00+00:00,65446.301776117136,64506.8596688885,
1731283200000,74851.0,82188.0,74673.3,82187.9,3367.51380356,2024-11-11 00:00:00+00:00,66102.83503979881,64682.790418451805,
1731369600000,82188.0,84300.0,78235.7,82488.0,2479.90996631,2024-11-12 00:00:00+00:00,66745.39052843416,64859.95668294483,
1731456000000,82456.0,87900.0,80751.0,85446.0,2426.23426767,2024-11-13 00:00:00+00:00,67478.74776261322,65064.79293485583,
1731542400000,85446.0,87000.0,82300.3,82884.8,1404.41403729,2024-11-14 00:00:00+00:00,68082.90667388329,65242.1064379916,3754.9428571428557
1731628800000,82907.0,87040.0,82677.0,86291.4,1077.9181696,2024-11-15 00:00:00+00:00,68796.9652356918,65451.55214507626,3878.1571428571415
1731715200000,86272.0,86869.0,85278.0,85643.2,542.68664403,2024-11-16 00:00:00+00:00,69457.60189311564,65652.46406403073,3941.292857142856
1731801600000,85710.1,86400.0,84095.0,85101.0,331.99362525,2024-11-17 00:00:00+00:00,70071.06848554249,65845.98183453789,3978.17857142857
1731888000000,85101.0,87489.0,84611.3,85430.9,993.38141379,2024-11-18 00:00:00+00:00,70673.4148194428,66040.85664215442,4018.1999999999994
1731974400000,85431.0,88650.0,85328.0,87063.1,1152.96531175,2024-11-19 00:00:00+00:00,71316.14757162152,66250.03319297876,4075.1142857142845
1732060800000,87063.1,90046.3,86500.0,89111.6,1363.9265462,2024-11-20 00:00:00+00:00,72014.00845116578,66477.51146966554,3778.0428571428565
1732147200000,89119.7,94246.6,89104.4,93654.6,2354.52921258,2024-11-21 00:00:00+00:00,72862.65910013967,66747.93026101215,3992.3571428571427
1732233600000,93645.1,95497.1,93165.7,94812.3,1442.68520893,2024-11-22 00:00:00+00:00,73723.42933150675,67027.17772110159,4019.4571428571435
1732320000000,94819.5,94824.0,92815.4,93311.2,612.30922001,2024-11-23 00:00:00+00:00,74491.57720085942,67288.71028109064,4084.578571428573
1732406400000,93311.3,94074.0,91333.0,93396.0,691.79369827,2024-11-24 00:00:00+00:00,75232.9271145512,67548.48430814446,3975.42142857143
1732492800000,93396.0,94289.0,88111.1,88997.3,1520.10953934,2024-11-25 00:00:00+00:00,75772.70644339232,67761.90535980472,3879.9357142857157
1732579200000,88997.2,90728.0,86628.5,87586.8,1161.73751068,2024-11-26 00:00:00+00:00,76236.00422992595,67959.1679930405,3739.5928571428585
1732665600000,87593.2,92139.1,87430.1,90828.1,1164.45435224,2024-11-27 00:00:00+00:00,76808.24327973278,68186.7195552988,3565.3071428571443
1732752000000,90828.1,91533.7,89725.0,90557.5,498.7158273,2024-11-28 00:00:00+00:00,77347.42981778247,68409.31438559433,3358.8071428571443
1732838400000,90557.5,93433.2,90298.8,92169.3,663.33871485,2024-11-29 00:00:00+00:00,77928.67962884983,68645.73215290187,3271.0500000000006
1732924800000,92169.4,92172.0,90790.0,91134.5,291.86903597,2024-11-30 00:00:00+00:00,78446.55493752238,68869.50098720136,3256.1214285714295
1733011200000,91134.5,92566.9,90531.6,92133.0,289.78948215,2024-12-01 00:00:00+00:00,78983.27827330581,69100.97858931877,3236.8571428571427
1733097600000,92128.3,93000.0,90000.0,91261.7,679.81996792,2024-12-02 00:00:00+00:00,79464.78500768598,69321.48327997231,3245.592857142857
1733184000000,91259.9,91706.4,88930.8,91239.3,557.06379558,2024-12-03 00:00:00+00:00,79926.53069365908,69539.5710085298,3206.5642857142852
1733270400000,91233.0,94151.2,89956.4,93734.9,1201.64939751,2024-12-04 00:00:00+00:00,80468.03537233912,69780.3205507335,3252.8857142857137
1733356800000,93734.9,98053.3,86600.0,91721.5,2637.75420097,2024-12-05 00:00:00+00:00,80909.34771067876,69998.64074425853,3703.67857142857
1733443200000,91721.6,96500.0,91211.6,94414.3,876.64627181,2024-12-06 00:00:00+00:00,81438.953682809,70241.58262740025,3914.892857142855
1733529600000,94416.5,95054.5,93710.0,94367.3,230.86748801,2024-12-07 00:00:00+00:00,81945.9476560322,70481.63951667986,3867.4571428571403
1733616000000,94367.3,95785.4,93374.7,95578.5,366.19263105,2024-12-08 00:00:00+00:00,82480.55755187407,70731.35952148902,3843.864285714283
1733702400000,95578.6,95687.7,89094.2,92350.5,883.44153717,2024-12-09 00:00:00+00:00,82867.61411846723,70946.47534714585,3873.549999999998
1733788800000,92303.9,93418.3,89725.3,91882.6,750.02628932,2024-12-10 00:00:00+00:00,83221.14297656655,71154.79499543297,3844.5142857142832
1733875200000,91882.6,96969.7,90963.7,96240.7,945.29788654,2024-12-11 00:00:00+00:00,83731.7138402306,71404.40599050329,3937.1571428571406
1733961600000,96240.8,97674.6,94750.0,95485.1,817.41284459,2024-12-12 00:00:00+00:00,84192.63094453528,71644.01488612017,4016.864285714284
1734048000000,95459.2,97000.0,94810.0,96600.9,525.48527014,2024-12-13 00:00:00+00:00,84679.2297310241,71892.34210118366,3949.4071428571415
1734134400000,96600.9,97640.0,95860.0,96510.9,219.9239285,2024-12-14 00:00:00+00:00,85143.2168003957,72137.30287629626,3977.835714285713
1734220800000,96511.0,99550.0,96403.0,98902.1,600.58289453,2024-12-15 00:00:00+00:00,85682.780847439,72403.61926558685,4057.242857142857
1734307200000,98902.1,102395.6,98400.0,100539.8,1928.91141893,2024-12-16 00:00:00+00:00,86265.40904950023,72683.5812629442,4128.357142857143
1734393600000,100539.8,102888.0,100229.9,101091.5,1706.63436967,2024-12-17 00:00:00+00:00,86846.82438089239,72966.24712102435,4119.964285714287
1734480000000,101091.5,101380.0,96690.0,96776.9,839.97870708,2024-12-18 00:00:00+00:00,87236.23911105348,73203.16904021816,4155.335714285715
1734566400000,96778.5,98680.0,92139.8,94050.0,1263.92285326,2024-12-19 00:00:00+00:00,87503.44542042394,73410.60019404683,3804.4000000000005
1734652800000,94041.4,94534.9,88593.7,93844.0,1657.75899874,2024-12-20 00:00:00+00:00,87752.094619623,73613.91760505135,3851.028571428572
1734739200000,93844.1,95678.8,92592.8,93378.5,371.50239131,2024-12-21 00:00:00+00:00,87972.73796787308,73810.58011644387,3975.4214285714293
1734825600000,93417.4,93565.6,90386.5,91182.7,461.00513234,2024-12-22 00:00:00+00:00,88098.61883187806,73983.43703070811,4030.3071428571443
1734912000000,91182.6,92746.4,88866.7,91100.0,794.06834946,2024-12-23 00:00:00+00:00,88216.32005415736,74153.75109010405,3836.4642857142867
1734998400000,91100.0,95645.9,89831.7,94853.3,519.4081182,2024-12-24 00:00:00+00:00,88476.59377752374,74359.71675089904,3987.978571428572
1735084800000,94840.8,95659.4,93878.8,95526.1,277.07069824,2024-12-25 00:00:00+00:00,88753.04500193457,74570.32752949707,3686.164285714286
1735171200000,95580.2,96031.2,91473.2,91791.6,353.2066293,2024-12-26 00:00:00+00:00,88872.20402146656,74741.68347447719,3802.835714285714
1735257600000,91809.0,93476.0,89677.3,90372.0,469.93490343,2024-12-27 00:00:00+00:00,88931.01955003651,74897.20901204458,3917.742857142857
1735344000000,90372.0,91560.5,90251.0,91224.8,219.11238649,2024-12-28 00:00:00+00:00,89020.97172454488,75059.67260396454,3884.1357142857137
1735430400000,91224.8,91266.1,89031.6,89712.0,350.11438278,2024-12-29 00:00:00+00:00,89048.07087260195,75205.46690641266,3818.9571428571426
1735516800000,89712.0,91199.0,87910.1,89089.9,694.19807544,2024-12-30 00:00:00+00:00,89049.71123053913,75343.62046953294,3768.4785714285704
1735603200000,89089.9,92606.9,88318.1,90106.4,540.98792239,2024-12-31 00:00:00+00:00,89091.1500058121,75490.51379819431,3884.9571428571403
1735689600000,90167.3,91737.4,89646.2,91186.0,172.242105,2025-01-01 00:00:00+00:00,89173.30098597634,75646.68779025208,3699.328571428569
1735776000000,91190.3,95234.5,91028.0,94390.8,559.50008105,2025-01-02 00:00:00+00:00,89377.90879044787,75833.19636945355,3532.635714285712
1735862400000,94390.5,96035.1,93385.4,95225.5,405.02506619,2025-01-03 00:00:00+00:00,89607.22609278324,76026.15461453362,3297.52857142857
1735948800000,95245.7,95800.0,94679.5,95293.3,140.39440534,2025-01-04 00:00:00+00:00,89830.20938326234,76217.86750394125,3157.1357142857128
1736035200000,95293.8,95839.2,94450.0,95431.7,144.71388757,2025-01-05 00:00:00+00:00,90049.87568195794,76409.04991683736,3029.2857142857124
1736121600000,95430.2,98580.0,94900.0,98412.5,571.55237838,2025-01-06 00:00:00+00:00,90377.82173364586,76627.98971865988,3015.021428571427
1736208000000,98412.5,98908.0,92881.8,93801.2,720.84911378,2025-01-07 00:00:00+00:00,90512.0718617382,76798.86743290207,3030.164285714284
1736294400000,93798.9,94020.4,89901.0,92219.0,576.62008749,2025-01-08 00:00:00+00:00,90579.01022010141,76952.30158779857,3197.2214285714267
1736380800000,92219.0,92468.2,88643.2,89936.7,562.2001097,2025-01-09 00:00:00+00:00,90553.82158401901,77081.49958194983,3144.864285714284
1736467200000,89938.4,93474.4,89881.9,92503.3,487.4875559,2025-01-10 00:00:00+00:00,90630.27171797905,77234.9503323782,3130.1357142857128
1736553600000,92503.3,92677.9,91629.0,92251.3,132.27845672,2025-01-11 00:00:00+00:00,90693.84145452888,77384.3667469814,3111.521428571427
1736640000000,92250.5,92998.0,91500.0,92249.5,132.10615925,2025-01-12 00:00:00+00:00,90754.84767199834,77532.27852064327,3058.914285714284
1736726400000,92249.6,93599.0,87400.0,92100.9,887.38346183,2025-01-13 00:00:00+00:00,90807.63403780233,77677.23992839808,3266.77857142857
1736812800000,92100.9,94839.0,92002.3,93689.9,492.13490721,2025-01-14 00:00:00+00:00,90920.66407553558,77836.56987935929,3163.057142857142
1736899200000,93696.1,97777.0,93636.8,97499.9,695.1399853,2025-01-15 00:00:00+00:00,91178.67332747535,78032.22490543532,3309.4142857142847
1736985600000,97500.0,97796.1,94748.5,96994.3,486.93088574,2025-01-16 00:00:00+00:00,91406.73711855475,78220.90226956033,3226.6357142857137
1737072000000,96994.3,102881.2,96971.1,101164.1,1264.06137298,2025-01-17 00:00:00+00:00,91789.37880018007,78449.19279424133,3459.521428571427
1737158400000,101164.1,101777.0,99149.9,101466.6,373.82880182,2025-01-18 00:00:00+00:00,92168.87767076124,78678.22172166182,3567.1357142857128
1737244800000,101466.6,103498.0,96978.3,98550.1,1027.13999955,2025-01-19 00:00:00+00:00,92419.12168367257,78875.95185378459,3933.5999999999985
1737331200000,98527.6,105884.0,96779.4,98011.0,2057.95577762,2025-01-20 00:00:00+00:00,92638.4110294109,79066.35034280166,4321.0714285714275
1737417600000,98076.7,102800.0,96550.0,102008.2,716.56474275,2025-01-21 00:00:00+00:00,93005.85373413988,79294.62745381857,4337.057142857142
1737504000000,102000.7,102049.2,99223.6,99650.7,385.64170722,2025-01-22 00:00:00+00:00,93266.4359406442,79497.17543935271,4244.642857142856
1737590400000,99650.7,102716.8,97235.9,99803.9,1116.68209884,2025-01-23 00:00:00+00:00,93522.80708022678,79699.23240015518,4362.921428571428
1737676800000,99803.9,101932.4,98500.0,99954.5,450.62943771,2025-01-24 00:00:00+00:00,93775.03033198259,79900.77735139741,4351.485714285714
1737763200000,99955.0,100339.8,99358.1,99857.8,140.65485556,2025-01-25 00:00:00+00:00,94013.57031896367,80099.3546911845,4346.685714285713
1737849600000,99857.8,100500.0,98021.0,98048.1,183.19809702,2025-01-26 00:00:00+00:00,94171.78716920038,80277.94917186924,4416.757142857142
1737936000000,98048.1,98685.4,93501.0,97753.9,1146.30769175,2025-01-27 00:00:00+00:00,94312.26218217293,80451.8392298606,4344.285714285713
1738022400000,97754.0,99347.3,96120.0,97170.9,490.47520224,2025-01-28 00:00:00+00:00,94424.36562600928,80618.19804349383,4372.185714285713
1738108800000,97170.9,100500.0,97106.3,99490.3,417.54851329,2025-01-29 00:00:00+00:00,94623.02971910695,80805.9801525138,4318.864285714285
1738195200000,99502.0,101897.9,99099.0,100709.0,467.57683607,2025-01-30 00:00:00+00:00,94861.69522031845,81004.02015099625,4301.0999999999985
1738281600000,100711.7,101932.4,98000.0,98888.8,489.83467976,2025-01-31 00:00:00+00:00,95019.62089795302,81181.97815944406,4159.835714285713
1738368000000,98888.8,99225.0,97100.0,97362.1,207.88813406,2025-02-01 00:00:00+00:00,95111.48282352349,81342.97439666353,4123.971428571427
1738454400000,97362.1,98096.2,93774.0,95400.4,864.0838808,2025-02-02 00:00:00+00:00,95122.81290887551,81482.84927828876,3967.0071428571414
1738540800000,95400.4,99319.2,89118.4,98267.5,1705.2803787,2025-02-03 00:00:00+00:00,95246.13397127255,81649.86072825604,4045.307142857141
1738627200000,98267.5,98720.2,92777.0,94329.8,663.0102832,2025-02-04 00:00:00+00:00,95210.19930573244,81776.02927822365,4023.392857142855
1738713600000,94329.8,95345.7,92500.0,92950.0,263.02333122,2025-02-05 00:00:00+00:00,95121.56403884098,81887.21306650003,4024.82857142857
1738800000000,92950.0,95708.5,92245.4,93047.5,354.36088122,2025-02-06 00:00:00+00:00,95040.22819418056,81998.26069767913,3880.699999999998
1738886400000,93047.5,96475.2,92671.5,93545.4,391.24678759,2025-02-07 00:00:00+00:00,94981.60748068328,82113.15760615993,3907.2214285714267
1738972800000,93545.4,93902.1,92843.1,93537.6,121.34982814,2025-02-08 00:00:00+00:00,94924.97973634275,82226.83364987974,3912.742857142856
1739059200000,93537.6,94280.4,92125.2,93600.1,178.29922802,2025-02-09 00:00:00+00:00,94873.02366825088,82340.00047923418,3889.614285714284
1739145600000,93600.1,95291.7,92522.0,94589.0,400.25636001,2025-02-10 00:00:00+00:00,94861.88548518223,82461.88107148062,3717.1357142857128
1739232000000,94591.5,95538.0,91532.1,92453.0,457.12631336,2025-02-11 00:00:00+00:00,94767.4193877241,82561.29519017236,3772.7499999999977
1739318400000,92452.5,94434.3,91234.1,94172.8,512.1284886,2025-02-12 00:00:00+00:00,94744.10098036237,82676.83255146418,3758.9285714285693
1739404800000,94169.1,94280.0,91406.0,92358.8,314.90804856,2025-02-13 00:00:00+00:00,94650.55976544622,82773.17053602672,3764.2928571428556
1739491200000,92358.8,94080.0,91800.0,92952.0,383.2925573,2025-02-14 00:00:00+00:00,94583.94957856598,82874.45242124039,3646.2642857142846
1739577600000,92952.0,93409.6,92755.9,93085.1,97.38646002,2025-02-15 00:00:00+00:00,94525.17116372025,82976.05090461114,3541.1714285714284
1739664000000,93085.1,93200.0,91690.8,91751.1,110.80738141,2025-02-16 00:00:00+00:00,94416.38405926063,83063.3648259583,3340.242857142857
1739750400000,91751.1,92582.9,90899.9,91367.8,351.80090255,2025-02-17 00:00:00+00:00,94296.8317432112,83145.99602171991,2731.8285714285707
1739836800000,91367.8,92500.0,89438.4,91449.4,587.49836199,2025-02-18 00:00:00+00:00,94185.16775328135,83228.61695682719,2526.0
1739923200000,91449.4,92800.0,90927.9,92670.8,281.02755605,2025-02-19 00:00:00+00:00,94125.78078256443,83322.56902690852,2456.4571428571435
1740009600000,92670.8,93997.0,92474.0,93673.1,272.5846693,2025-02-20 00:00:00+00:00,94108.02859501287,83425.55938484972,2317.878571428572
1740096000000,93673.1,94975.4,90659.9,91974.3,508.47352055,2025-02-21 00:00:00+00:00,94024.3529638359,83510.62148052287,2354.4357142857148
1740182400000,91974.3,92690.7,91605.4,92342.2,98.24288567,2025-02-22 00:00:00+00:00,93958.38618094038,83598.49788370174,2356.314285714286
1740268800000,92342.2,92449.9,91112.8,91900.1,94.56751986,2025-02-23 00:00:00+00:00,93877.66907580546,83681.10088983407,2297.878571428572
1740355200000,91900.1,92099.4,87346.3,87524.9,552.74439845,2025-02-24 00:00:00+00:00,93628.54087675427,83719.34764714916,2439.5499999999997
1740441600000,87524.9,88360.1,81818.0,84316.1,1525.99655055,2025-02-25 00:00:00+00:00,93263.34711688154,83725.28548150588,2620.7071428571435
1740528000000,84316.1,85007.0,78300.0,80139.9,1234.50535416,2025-02-26 00:00:00+00:00,92748.7021319058,83689.61000407797,2871.192857142858
1740614400000,80162.2,83000.0,79410.0,81355.8,692.56936572,2025-02-27 00:00:00+00:00,92301.9216561448,83666.38801398764,2922.3357142857153
1740700800000,81355.8,81986.7,75200.0,81334.0,1759.58778896,2025-02-28 00:00:00+00:00,91871.80708139403,83643.18017305245,3244.2428571428577
1740787200000,81300.1,83397.2,80770.5,83020.3,354.34408272,2025-03-01 00:00:00+00:00,91524.68915663348,83636.98236038526,3385.1714285714284
1740873600000,83020.3,91789.0,82042.7,90595.9,1114.65972256,2025-03-02 00:00:00+00:00,91488.26605245177,83706.22532197347,3973.535714285714
1740960000000,90598.2,90729.2,81123.8,82141.8,1407.30680318,2025-03-03 00:00:00+00:00,91121.73797196346,83690.65890085931,4539.421428571428
1741046400000,82141.8,83697.1,77672.0,82148.1,1242.44269228,2025-03-04 00:00:00+00:00,90769.83060051392,83675.31005607465,4751.099999999999
1741132800000,82149.8,84965.9,81370.3,83986.7,572.97491498,2025-03-05 00:00:00+00:00,90503.82547892515,83678.4084634769,4874.207142857142
1741219200000,83986.7,85876.8,81450.1,83398.7,478.55182142,2025-03-06 00:00:00+00:00,90225.1931072026,83675.62529468609,5081.614285714284
1741305600000,83398.7,84545.8,78577.1,80098.0,1255.85526995,2025-03-07 00:00:00+00:00,89828.04827946918,83640.02703304743,5199.699999999998
1741392000000,80098.0,80179.0,78739.9,79613.1,229.78063032,2025-03-08 00:00:00+00:00,89427.46207243117,83599.95810734546,5224.971428571427
1741478400000,79611.2,79847.6,73725.0,74311.2,691.2490112,2025-03-09 00:00:00+00:00,88834.66748135544,83507.53265354103,5566.7928571428565
1741564800000,74319.7,77540.5,71529.3,72461.6,1084.84573075,2025-03-10 00:00:00+00:00,88192.58640365522,83397.62287589387,5656.657142857142
1741651200000,72474.9,76472.6,70605.0,75996.8,1009.01618824,2025-03-11 00:00:00+00:00,87714.32027017855,83323.982847278,5608.478571428571
1741737600000,76002.3,77428.7,73912.6,76986.0,551.13900754,2025-03-12 00:00:00+00:00,87293.60182821077,83260.91834133495,5380.557142857142
1741824000000,76908.9,77390.0,73620.0,74722.9,475.74824493,2025-03-13 00:00:00+00:00,86800.63312906525,83175.96293495351,5393.414285714285
1741910400000,74725.2,78446.0,74501.6,77249.1,649.19152508,2025-03-14 00:00:00+00:00,86426.06320243524,83116.98917440671,5190.392857142856
1741996800000,77249.1,77851.0,76945.2,77580.5,227.22422164,2025-03-15 00:00:00+00:00,86079.17837096719,83061.89972988525,5067.471428571428
1742083200000,77580.5,78199.9,75378.8,75929.9,212.28117981,2025-03-16 00:00:00+00:00,85681.16745445867,82990.93455844361,4572.814285714284
1742169600000,75926.3,77619.6,75655.3,76980.4,362.93120627,2025-03-17 00:00:00+00:00,85339.96088761716,82931.12824442924,4027.021428571428
1742256000000,76956.8,76956.8,74250.0,75593.9,401.37891659,2025-03-18 00:00:00+00:00,84957.76242143608,82858.12099821602,3791.6857142857125
1742342400000,75593.9,79764.3,75515.0,79618.7,526.78207901,2025-03-19 00:00:00+00:00,84748.38742451703,82825.88795345766,3838.3785714285705
1742428800000,79618.8,80100.0,77107.2,77572.8,394.93987973,2025-03-20 00:00:00+00:00,84466.99183924185,82773.61842158245,3735.9571428571426
1742515200000,77572.8,78300.0,76824.0,77677.1,381.69183452,2025-03-21 00:00:00+00:00,84200.7215710363,82722.90679549707,3415.0499999999997
1742601600000,77677.1,78142.3,77351.9,77487.5,71.41321508,2025-03-22 00:00:00+00:00,83937.45798001527,82670.81319554188,3368.714285714286
1742688000000,77487.6,79426.5,77454.5,79410.8,141.97523551,2025-03-23 00:00:00+00:00,83759.94198079898,82638.37525329768,3072.242857142857
1742774400000,79411.2,82069.5,79001.2,81006.9,547.77229221,2025-03-24 00:00:00+00:00,83651.97955017941,82622.14166868776,2862.035714285714
1742860800000,81014.1,82003.0,79963.6,81127.0,342.80545165,2025-03-25 00:00:00+00:00,83552.96074429003,82607.26463715853,2588.5928571428562
1742947200000,81053.3,81862.3,78000.0,80893.7,506.33425771,2025-03-26 00:00:00+00:00,83448.67600921984,82590.21424275894,2613.3214285714284
1743033600000,80893.8,81394.0,79562.3,80749.6,333.49236263,2025-03-27 00:00:00+00:00,83342.82989121121,82571.89967317926,2474.871428571428
1743120000000,80749.6,81014.9,77250.3,77929.5,419.93320822,2025-03-28 00:00:00+00:00,83130.54244449704,82525.70664160534,2462.028571428571
1743206400000,77929.5,78134.4,75453.7,76379.0,308.72703796,2025-03-29 00:00:00+00:00,82865.77607412462,82464.54538148986,2588.807142857142
1743292800000,76379.0,77182.4,75480.1,76092.2,150.73087705,2025-03-30 00:00:00+00:00,82600.14563984521,82401.13895978351,2508.892857142856
1743379200000,76114.3,77647.3,75082.6,76292.4,506.61871941,2025-03-31 00:00:00+00:00,82352.78306573365,82340.35548754685,2551.77857142857
1743465600000,76293.7,79200.0,76153.4,78905.3,434.53723905,2025-04-01 00:00:00+00:00,82217.58765139115,82306.17583095435,2574.364285714285
1743552000000,78905.9,81299.9,75658.7,75658.7,744.37712305,2025-04-02 00:00:00+00:00,81960.37637094443,82240.0317928354,2673.7857142857133
1743638400000,75673.4,76885.4,73114.8,75260.1,740.76754,2025-04-03 00:00:00+00:00,81697.62043482896,82170.57973519525,2729.3428571428553
1743724800000,75299.1,77260.0,73920.0,76519.9,610.0372003,2025-04-04 00:00:00+00:00,81494.57257463959,82114.35406618833,2862.485714285712
1743811200000,76528.2,76856.1,75175.0,76155.3,180.14097651,2025-04-05 00:00:00+00:00,81285.18933641844,82055.059995878,2926.107142857141
1743897600000,76181.2,76397.7,69952.3,71241.4,904.5933012,2025-04-06 00:00:00+00:00,80891.31524479418,81947.46138895383,3245.635714285712
1743984000000,71242.9,74128.5,67500.0,72530.5,1650.32105794,2025-04-07 00:00:00+00:00,80563.4401371552,81853.76028060603,3499.9357142857116
1744070400000,72530.5,73730.8,69432.4,69467.3,720.33607276,2025-04-08 00:00:00+00:00,80128.29738667852,81730.51191960498,3661.2928571428556
1744156800000,69467.3,76335.7,67638.6,75446.9,1363.26476935,2025-04-09 00:00:00+00:00,79944.71317543622,81667.98841791737,4006.635714285712
1744243200000,75446.0,75500.0,70104.7,70719.0,600.70731918,2025-04-10 00:00:00+00:00,79582.9205018897,81559.04325953014,4261.17857142857
1744329600000,70703.6,74551.0,69849.0,73409.9,715.73558036,2025-04-11 00:00:00+00:00,79340.84126652149,81477.95725694776,4328.135714285713
1744416000000,73410.0,75704.9,72947.3,75155.1,243.38670395,2025-04-12 00:00:00+00:00,79176.69455018731,81415.04325439107,4333.62857142857
1744502400000,75144.1,75840.7,73300.0,73839.0,288.07654583,2025-04-13 00:00:00+00:00,78967.373195278,81339.659739422,4393.514285714285
1744588800000,73839.1,75580.4,73663.7,74608.4,513.33274189,2025-04-14 00:00:00+00:00,78796.43306997299,81272.68203057203,4347.22857142857
1744675200000,74638.7,76384.4,74070.9,74090.3,414.88588318,2025-04-15 00:00:00+00:00,78611.87883193484,81201.21554270566,4294.864285714284
1744761600000,74090.3,75166.7,73111.0,73721.6,404.19692595,2025-04-16 00:00:00+00:00,78420.10319146681,81126.79150745485,4038.7571428571414
1744848000000,73727.2,75250.0,73677.6,74689.8,384.20259868,2025-04-17 00:00:00+00:00,78273.81679180145,81062.741840714,3881.742857142856
1744934400000,74695.5,74811.1,74065.5,74146.7,104.12866757,2025-04-18 00:00:00+00:00,78111.9690744759,80993.92550399048,3696.42857142857
1745020800000,74146.7,75118.2,74100.1,74673.7,100.74352,2025-04-19 00:00:00+00:00,77977.13499312391,80931.03768803038,3649.0714285714266
1745107200000,74673.7,74894.5,73801.0,74437.8,249.91715374,2025-04-20 00:00:00+00:00,77838.33754241317,80866.42835780123,3266.7928571428556
1745193600000,74435.5,76890.3,74339.1,75982.8,548.44181857,2025-04-21 00:00:00+00:00,77765.57136427931,80817.83504080818,2975.557142857141
1745280000000,75982.8,82621.1,75809.9,82306.0,907.57239562,2025-04-22 00:00:00+00:00,77943.62738920953,80832.64265234242,3155.0428571428556
1745366400000,82318.7,83204.8,80793.8,82725.1,845.15403643,2025-04-23 00:00:00+00:00,78131.13611904446,80851.47307371216,2706.0357142857133
1745452800000,82720.3,82813.8,80607.7,82660.2,368.47344841,2025-04-24 00:00:00+00:00,78308.74646731722,80869.4703565608,2478.2357142857136
1745539200000,82660.2,84322.0,81851.5,83334.7,457.61383694,2025-04-25 00:00:00+00:00,78505.84268428518,80894.00000475424,2318.8428571428562
1745625600000,83336.3,83799.2,82700.0,83310.3,115.89849492,2025-04-26 00:00:00+00:00,78694.25277509753,80918.0427907766,2200.3857142857137
1745712000000,83332.6,83889.9,82500.0,82704.0,134.9923369,2025-04-27 00:00:00+00:00,78851.4977643094,80935.81350927634,2118.185714285714
1745798400000,82704.0,84246.5,81831.0,83268.6,292.71969786,2025-04-28 00:00:00+00:00,79024.71745982669,80959.02531515418,2153.8142857142852
1745884800000,83317.1,83892.2,82400.0,82790.5,259.06399557,2025-04-29 00:00:00+00:00,79172.39520650015,80977.24894385913,2095.149999999999
1745971200000,82790.0,83704.3,81712.3,83196.8,323.72370442,2025-04-30 00:00:00+00:00,79330.21500232368,80999.33402899487,2090.5999999999995
1746057600000,83196.8,86330.0,83166.5,85435.6,454.47544253,2025-05-01 00:00:00+00:00,79569.64186497766,81043.47597895512,2204.25
1746144000000,85435.6,86385.6,85051.3,85775.5,428.7282709,2025-05-02 00:00:00+00:00,79813.00885066482,81090.56079508492,2246.2999999999997
1746230400000,85775.6,85791.1,84836.3,84897.6,188.07625709,2025-05-03 00:00:00+00:00,80012.4045820113,81128.44178219851,2241.778571428572
1746316800000,84897.6,85275.8,83174.4,83297.3,155.82764805,2025-05-04 00:00:00+00:00,80141.22401016772,81150.02246098261,2313.7714285714296
1746403200000,83297.3,84144.8,82500.0,83768.0,364.32774904,2025-05-05 00:00:00+00:00,80283.4505195729,81176.07198873404,2249.0285714285733
1746489600000,83768.0,85441.7,82271.3,85377.3,238.56690118,2025-05-06 00:00:00+00:00,80483.2093227269,81217.87525252772,1988.971428571429
1746576000000,85399.0,86188.7,84500.1,85806.4,318.61500182,2025-05-07 00:00:00+00:00,80691.96189830624,81263.53221518915,1937.3714285714284
1746662400000,85806.4,92600.0,85640.8,91903.0,853.13992184,2025-05-08 00:00:00+00:00,81131.61045131384,81369.39756628178,2276.8785714285705
1746748800000,91884.7,92627.8,90742.2,91472.7,435.13422953,2025-05-09 00:00:00+00:00,81537.14337479173,81469.92793875659,2235.0999999999995
1746835200000,91472.6,93111.0,91340.3,92992.2,276.18629753,2025-05-10 00:00:00+00:00,81986.36128166264,81584.57741200279,2283.0642857142852
1746921600000,92992.3,93196.1,91850.1,92667.3,238.73150182,2025-05-11 00:00:00+00:00,82405.22162355822,81694.85325864954,2279.9285714285716
1747008000000,92700.0,94822.8,90835.0,92654.9,722.71087085,2025-05-12 00:00:00+00:00,82807.16979518338,81803.90845010578,2392.2357142857145
1747094400000,92635.0,93810.2,91371.1,93160.1,304.44581248,2025-05-13 00:00:00+00:00,83213.16705811735,81916.9053809505,2459.871428571428
1747180800000,93160.1,93160.1,91417.7,92564.1,371.59973532,2025-05-14 00:00:00+00:00,83579.8703107402,82022.84761596593,2442.0428571428574
1747267200000,92564.1,93200.0,90646.1,92733.7,479.6228688,2025-05-15 00:00:00+00:00,83938.8440240445,82129.42326157822,2398.5
1747353600000,92732.2,93800.0,92104.3,92643.1,278.9504399,2025-05-16 00:00:00+00:00,84280.1873956506,82234.03696046799,2424.3142857142852
1747440000000,92643.1,92908.7,91999.0,92420.0,193.70200386,2025-05-17 00:00:00+00:00,84599.39573307607,82335.38982653298,2421.0928571428562
1747526400000,92404.1,95202.8,92369.1,95070.9,389.6088578,2025-05-18 00:00:00+00:00,85010.04295922995,82462.11132079634,2473.3999999999983
1747612800000,95070.9,95600.0,90710.1,93984.4,738.66922585,2025-05-19 00:00:00+00:00,85361.97852945623,82576.76095939538,2705.192857142855
1747699200000,93997.4,95085.9,92684.9,94626.5,561.05637028,2025-05-20 00:00:00+00:00,85725.29309692854,82696.65886029693,2650.235714285712
1747785600000,94654.9,97699.1,93520.6,96730.1,1204.19738539,2025-05-21 00:00:00+00:00,86156.85415195095,82836.29509054273,2828.085714285713
1747872000000,96719.1,99344.0,96401.0,98936.0,1040.51385673,2025-05-22 00:00:00+00:00,86657.99712638423,82996.49115929354,2541.214285714285
1747958400000,98936.0,98995.0,94090.1,94458.3,881.54264511,2025-05-23 00:00:00+00:00,86963.8913567221,83110.5390084548,2756.8785714285696
1748044800000,94458.4,96356.1,94150.0,94901.4,216.7443448,2025-05-24 00:00:00+00:00,87275.1662054781,83227.86100837067,2787.9785714285704
1748131200000,94901.4,96050.0,93980.0,95877.1,197.13232726,2025-05-25 00:00:00+00:00,87612.49694251818,83353.72408291425,2839.6928571428557
1748217600000,95877.2,97056.0,95487.0,96136.7,440.0872878,2025-05-26 00:00:00+00:00,87946.77941536061,83480.91787313402,2666.921428571427
1748304000000,96136.8,97500.0,94375.0,96111.0,429.35588864,2025-05-27 00:00:00+00:00,88266.94492848373,83606.59033210781,2715.9142857142847
1748390400000,96111.0,96563.1,94585.3,95936.1,469.68700407,2025-05-28 00:00:00+00:00,88567.69610775888,83729.27202034554,2732.7285714285704
1748476800000,95962.7,96525.0,92531.3,92847.2,592.98174084,2025-05-29 00:00:00+00:00,88735.51978980756,83819.9976718844,2835.5714285714275
1748563200000,92847.3,93742.0,91378.7,91716.9,620.4136013,2025-05-30 00:00:00+00:00,88852.4366607955,83898.57381445271,2883.2571428571423
1748649600000,91717.0,92500.0,90948.6,92275.3,202.3102637,2025-05-31 00:00:00+00:00,88986.66659566626,83981.92432376165,2929.0928571428562
1748736000000,92278.0,93210.0,91567.4,93118.3,136.76075632,2025-06-01 00:00:00+00:00,89148.6914350519,84072.83353447048,2844.0142857142855
1748822400000,93118.4,93118.4,90823.9,92465.3,312.03816316,2025-06-02 00:00:00+00:00,89278.75451603024,84156.34066348073,2658.628571428572
1748908800000,92465.3,93880.0,91933.8,92638.8,388.42551113,2025-06-03 00:00:00+00:00,89410.52100559768,84240.74324394361,2626.1428571428573
1748995200000,92634.6,93153.0,91338.4,91696.4,397.53965406,2025-06-04 00:00:00+00:00,89500.16331910365,84314.92888330735,2457.2928571428574
1749081600000,91696.4,92672.5,87784.0,88700.2,596.94851251,2025-06-05 00:00:00+00:00,89468.79220855057,84358.56342178192,2596.257142857143
1749168000000,88700.3,92503.0,88404.3,91597.2,456.64495158,2025-06-06 00:00:00+00:00,89552.25918076427,84430.58965639105,2538.6714285714293
1749254400000,91606.0,92953.5,91250.3,92678.5,127.29624233,2025-06-07 00:00:00+00:00,89674.85685994998,84512.65841602896,2502.75
1749340800000,92678.5,93400.0,92202.9,92750.0,124.28899076,2025-06-08 00:00:00+00:00,89795.4507085794,84594.62201387943,2440.4000000000005
1749427200000,92750.1,96724.9,92306.9,96500.0,374.8844901,2025-06-09 00:00:00+00:00,90058.37421020374,84713.08348637813,2643.9000000000005
1749513600000,96500.0,96520.0,94941.0,96399.2,443.019374,2025-06-10 00:00:00+00:00,90307.03404509771,84829.36325268283,2533.471428571429
1749600000000,96399.2,96399.2,94083.0,94410.9,418.91366493,2025-06-11 00:00:00+00:00,90467.9699648978,84924.70192678549,2557.6428571428573
1749686400000,94410.6,94577.7,91130.4,91130.5,505.12175325,2025-06-12 00:00:00+00:00,90493.9515349018,84986.45116134484,2518.6142857142863
1749772800000,91130.5,91950.0,89100.0,91911.8,497.28048244,2025-06-13 00:00:00+00:00,90549.55343549389,85055.36010501305,2553.378571428572
1749859200000,91910.0,91990.0,90455.0,91366.6,88.45238135,2025-06-14 00:00:00+00:00,90581.59447723922,85118.15851192836,2552.2071428571435
1749945600000,91366.6,91950.0,90623.9,91499.9,297.88655473,2025-06-15 00:00:00+00:00,90617.60645852397,85181.65842723256,2529.600000000001
1750032000000,91500.0,94222.0,90940.2,92443.4,407.31643698,2025-06-16 00:00:00+00:00,90689.20620524853,85253.91456228498,2600.1214285714295
1750118400000,92440.1,93182.0,89924.1,91076.1,470.75449733,2025-06-17 00:00:00+00:00,90704.37851092506,85311.84675569508,2693.814285714286
1750204800000,91076.1,91766.7,90207.1,91408.0,411.06305214,2025-06-18 00:00:00+00:00,90731.97151049663,85372.50499693195,2675.5999999999995
1750291200000,91408.0,91746.4,90578.3,90909.1,242.23537119,2025-06-19 00:00:00+00:00,90738.91772577127,85427.59549447492,2409.8571428571418
1750377600000,90909.1,92469.1,88751.0,89670.8,437.94182552,2025-06-20 00:00:00+00:00,90697.03075613319,85469.8164348284,2382.6714285714284
1750464000000,89679.3,90300.0,87670.0,88704.1,218.90389303,2025-06-21 00:00:00+00:00,90618.87660883385,85501.99836085002,2448.871428571428
1750550400000,88727.0,89781.1,85331.5,87825.2,877.31827398,2025-06-22 00:00:00+00:00,90509.32066338939,85525.11479507043,2681.192857142857
1750636800000,87824.0,91440.0,86512.3,90920.9,659.18166015,2025-06-23 00:00:00+00:00,90525.46102953097,85578.80420009462,2717.5999999999995
1750723200000,90894.9,91500.0,90326.1,91349.9,439.54015889,2025-06-24 00:00:00+00:00,90557.79196954938,85636.22803889966,2688.6642857142847
1750809600000,91350.0,93240.0,91166.6,91958.8,511.58675948,2025-06-25 00:00:00+00:00,90612.7334609396,85699.1392026917,2671.3214285714275
1750896000000,91958.9,92598.5,91186.6,91496.2,358.84311773,2025-06-26 00:00:00+00:00,90647.37920756942,85756.82139967984,2525.9357142857125
1750982400000,91509.7,92076.9,90809.4,91449.0,231.20563221,2025-06-27 00:00:00+00:00,90678.81531707651,85813.45999271785,2412.8999999999983
1751068800000,91455.3,91835.3,88819.0,91604.7,199.29934871,2025-06-28 00:00:00+00:00,90715.1245203284,85871.08427139728,2518.707142857141
1751155200000,91604.7,92551.1,91521.1,92415.9,156.61691275,2025-06-29 00:00:00+00:00,90781.82159796258,85936.2068159605,2497.557142857141
1751241600000,92416.0,92802.7,90800.0,90961.9,299.78166717,2025-06-30 00:00:00+00:00,90788.8834960817,85986.21371331412,2406.192857142855
1751328000000,90925.2,91198.4,89171.1,89509.1,376.3635279,2025-07-01 00:00:00+00:00,90738.69590800008,86021.26730820653,2318.2928571428542
1751414400000,89509.1,93067.0,89099.7,92250.0,430.23888118,2025-07-02 00:00:00+00:00,90797.96273513733,86083.24474792587,2490.271428571427
1751500800000,92250.0,93900.0,92070.0,93150.0,368.71628655,2025-07-03 00:00:00+00:00,90890.19949062215,86153.56072058332,2537.549999999999
1751587200000,93150.0,93318.9,91200.0,91783.8,353.42345157,2025-07-04 00:00:00+00:00,90925.24264785266,86209.58300197055,2423.3214285714266
1751673600000,91783.8,92072.0,91628.5,91930.0,141.23837635,2025-07-05 00:00:00+00:00,90964.64489695648,86266.50257409025,2267.142857142855
1751760000000,91930.0,93099.9,91607.3,92720.1,158.06510187,2025-07-06 00:00:00+00:00,91033.48627354643,86330.71747385054,2055.9285714285684
1751846400000,92720.1,93133.6,91979.1,92267.3,211.8453862,2025-07-07 00:00:00+00:00,91081.87112556421,86389.78794674756,1786.4142857142829
1751932800000,92255.6,93250.0,91551.7,92924.7,266.00820881,2025-07-08 00:00:00+00:00,91154.1389245617,86454.81194727744,1823.8714285714263
1752019200000,92939.2,95447.8,92624.3,94854.8,495.86330178,2025-07-09 00:00:00+00:00,91299.2628883044,86538.39391795131,1877.4499999999982
1752105600000,94825.7,99600.0,94437.5,98827.8,959.51645702,2025-07-10 00:00:00+00:00,91594.49963778266,86660.6765655339,2145.3499999999985
1752192000000,98830.0,101200.0,98402.6,99965.0,1091.58399093,2025-07-11 00:00:00+00:00,91922.75455394805,86793.05789324004,2254.6285714285696
1752278400000,99965.1,100500.0,99375.7,99799.9,280.1639346,2025-07-12 00:00:00+00:00,92231.66221849911,86922.47920773517,2119.485714285712
1752364800000,99800.0,101672.4,99685.7,101590.2,366.26986505,2025-07-13 00:00:00+00:00,92598.6637001266,87068.42667830498,2187.8214285714266
1752451200000,101590.2,104409.0,101370.0,102610.8,1122.79666168,2025-07-14 00:00:00+00:00,92991.29649620007,87223.07715911786,2261.8428571428553
1752537600000,102610.9,102626.0,99470.6,101426.8,709.37236524,2025-07-15 00:00:00+00:00,93322.10055517261,87364.40773464904,2342.421428571427
1752624000000,101426.8,103123.0,100800.4,102003.2,418.07437638,2025-07-16 00:00:00+00:00,93662.53582751879,87510.0673591799,2224.9428571428557
1752710400000,102003.3,104191.9,101342.0,102549.6,405.03328377,2025-07-17 00:00:00+00:00,94011.04814800825,87659.71445013334,2297.7928571428556
1752796800000,102549.8,103932.8,100500.0,101452.8,328.71918598,2025-07-18 00:00:00+00:00,94302.88155396872,87796.95908247033,2391.642857142856
1752883200000,101452.8,101905.9,100950.0,101367.5,86.02701065,2025-07-19 00:00:00+00:00,94579.9254145974,87931.9893403562,2428.242857142856
1752969600000,101367.5,102118.0,100105.0,100834.4,156.76817306,2025-07-20 00:00:00+00:00,94825.19892775045,88060.37153597455,2465.4142857142847
1753056000000,100820.3,102680.7,99815.0,100408.1,374.81376884,2025-07-21 00:00:00+00:00,95044.1362247014,88183.23450576585,2587.642857142856
1753142400000,100408.1,102312.9,99501.0,102203.6,343.76536115,2025-07-22 00:00:00+00:00,95324.89951000724,88322.7406300866,2667.1857142857125
1753228800000,102203.6,102260.0,99755.4,100853.7,320.68330562,2025-07-23 00:00:00+00:00,95541.71521549716,88447.42679297131,2644.4071428571415
1753315200000,100853.7,101594.4,99755.4,100697.8,253.88358485,2025-07-24 00:00:00+00:00,95743.914618811,88569.32105373777,2407.0142857142846
1753401600000,100709.4,100829.3,97692.4,100070.0,415.34655697,2025-07-25 00:00:00+00:00,95913.56502591645,88683.7556701185,2431.2642857142855
1753488000000,100070.0,100735.6,99770.4,100384.3,125.61653367,2025-07-26 00:00:00+00:00,96088.8879660766,88800.17899678399,2419.9000000000005
1753574400000,100384.9,101835.0,100334.5,101575.8,168.20472537,2025-07-27 00:00:00+00:00,96304.06098701477,88927.29960378117,2385.1714285714293
1753660800000,101575.8,102500.0,101223.2,101800.0,319.07140721,2025-07-28 00:00:00+00:00,96519.58800713185,89055.38617488784,2259.3000000000006
1753747200000,101805.3,103229.6,101350.0,102088.4,330.41964267,2025-07-29 00:00:00+00:00,96737.9727911659,89185.06790449095,2168.17142857143
1753833600000,102088.5,103375.0,101300.0,103073.8,321.60114398,2025-07-30 00:00:00+00:00,96986.43660327705,89323.26424374976,2150.4857142857154
1753920000000,103073.8,103979.8,101253.4,101384.8,309.54181872,2025-07-31 00:00:00+00:00,97158.92144236423,89443.27952490648,2141.664285714288
1754006400000,101390.3,101668.9,97334.8,97840.1,594.03727668,2025-08-01 00:00:00+00:00,97185.6343269774,89526.82997739498,2206.042857142859
1754092800000,97847.0,98586.5,96805.7,97205.7,236.37340522,2025-08-02 00:00:00+00:00,97186.42121611554,89603.23664428659,2264.9642857142876
1754179200000,97216.8,99248.9,96667.4,98640.2,239.57687832,2025-08-03 00:00:00+00:00,97243.4321488169,89693.15667767679,2305.5714285714307
1754265600000,98640.2,100000.0,98557.3,99362.9,237.5283481,2025-08-04 00:00:00+00:00,97326.5485351378,89789.37302914269,2203.9285714285734
1754352000000,99362.9,99759.0,97414.1,98584.1,250.53067743,2025-08-05 00:00:00+00:00,97375.8642788579,89876.88275024574,2170.5714285714307
1754438400000,98561.9,99299.7,97816.2,98644.8,198.28232064,2025-08-06 00:00:00+00:00,97425.62646400073,89964.12570795474,2097.635714285716
1754524800000,98644.8,100848.3,97942.7,100619.0,281.01096925,2025-08-07 00:00:00+00:00,97550.85679874581,90070.14435762684,2173.8214285714307
1754611200000,100623.1,100825.0,99382.2,100158.1,235.22365078,2025-08-08 00:00:00+00:00,97653.10163016754,90170.52202571016,2052.8142857142875
1754697600000,100158.1,100938.1,99600.4,99642.7,203.23231792,2025-08-09 00:00:00+00:00,97731.12509565116,90264.77255281754,2079.42142857143
1754784000000,99642.7,102222.1,99642.6,102222.1,185.93932474,2025-08-10 00:00:00+00:00,97907.2417585668,90383.75093537658,2156.4928571428586
1754870400000,102222.1,104597.0,101687.3,102188.5,676.53268997,2025-08-11 00:00:00+00:00,98075.13423862301,90501.21112507433,2273.1285714285727
1754956800000,102188.5,102925.0,101841.0,102829.9,252.730752,2025-08-12 00:00:00+00:00,98261.59564102996,90623.88464621788,2216.3000000000006
1755043200000,102795.1,105000.0,101777.3,104900.0,553.71603854,2025-08-13 00:00:00+00:00,98521.92522373467,90765.9355452605,2298.278571428572
1755129600000,104900.1,106777.0,100794.4,101620.6,1011.76476947,2025-08-14 00:00:00+00:00,98643.44188162743,90873.94215675045,2530.8642857142863
1755216000000,101621.9,102341.1,99750.0,100397.1,360.23578633,2025-08-15 00:00:00+00:00,98712.21278823027,90968.69994623552,2406.3642857142872
1755302400000,100417.6,100891.9,100309.6,100522.9,121.93121195,2025-08-16 00:00:00+00:00,98783.2201298683,91063.76661343715,2320.757142857143
1755388800000,100523.0,101406.0,100358.0,100358.1,113.66772875,2025-08-17 00:00:00+00:00,98844.98012477544,91156.24754265668,2211.221428571429
1755475200000,100358.1,100399.0,98212.6,99657.9,410.83226166,2025-08-18 00:00:00+00:00,98876.85933556856,91240.84109944617,2264.342857142857
1755561600000,99657.9,100161.3,96843.7,96964.2,379.33551164,2025-08-19 00:00:00+00:00,98801.85308711488,91297.78994422781,2333.82142857143
1755648000000,96963.8,98375.3,96430.0,98101.9,302.68362305,2025-08-20 00:00:00+00:00,98774.40394644371,91365.49253184744,2366.8071428571443
1755734400000,98101.9,98500.0,96516.4,96834.9,273.56956407,2025-08-21 00:00:00+00:00,98698.3449681518,91419.91449670469,2300.950000000001
1755820800000,96860.9,100100.0,96200.0,99248.7,474.77888767,2025-08-22 00:00:00+00:00,98719.92751842036,91497.81285992156,2476.4642857142867
1755907200000,99248.8,99321.9,97261.1,97922.7,124.10601185,2025-08-23 00:00:00+00:00,98688.66369416859,91561.74208519598,2528.114285714285
1755993600000,97922.7,98089.2,94000.0,96824.5,287.85387802,2025-08-24 00:00:00+00:00,98615.55923557375,91614.10783559205,2635.9499999999994
1756080000000,96831.5,97045.8,94130.0,94854.4,485.62478381,2025-08-25 00:00:00+00:00,98468.062794963,91646.34954867074,2636.3857142857137
1756166400000,94854.4,96565.3,93352.6,96072.7,366.71167143,2025-08-26 00:00:00+00:00,98374.1269990821,91690.39283674367,2788.435714285714
1756252800000,96072.7,97214.3,95330.7,95526.7,399.37025062,2025-08-27 00:00:00+00:00,98262.46319519653,91728.56504732334,2692.785714285714
1756339200000,95526.7,97474.1,95300.0,96350.1,278.47446714,2025-08-28 00:00:00+00:00,98187.46856009078,91774.55046973804,2420.75
1756425600000,96350.1,96402.4,92088.0,92803.7,844.48111717,2025-08-29 00:00:00+00:00,97976.3403812637,91784.7907635715,2543.8428571428562
1756512000000,92803.7,93275.7,92000.0,93198.4,142.21028077,2025-08-30 00:00:00+00:00,97788.97017023375,91798.85652711804,2593.371428571428
1756598400000,93200.0,93737.1,92500.0,92600.0,99.08213787,2025-08-31 00:00:00+00:00,97585.48114395008,91806.82810396265,2606.878571428572
1756684800000,92600.0,93670.0,91620.6,93269.5,401.08630851,2025-09-01 00:00:00+00:00,97416.22698144223,91821.38205317696,2597.092857142857
1756771200000,93269.5,95800.0,93022.6,95583.2,323.81311783,2025-09-02 00:00:00+00:00,97344.34357040528,91858.81307752346,2558.5071428571423
1756857600000,95589.1,96499.1,95046.8,95830.2,285.80568908,2025-09-03 00:00:00+00:00,97284.96539117371,91898.3293653093,2523.2928571428565
1756944000000,95830.2,96230.0,93698.3,95001.0,366.22021009,2025-09-04 00:00:00+00:00,97195.3981209316,91929.2017099331,2562.4428571428557
1757030400000,95001.1,96747.5,94066.9,94497.6,423.46049321,2025-09-05 00:00:00+00:00,97089.60211618918,91954.75791182432,2475.3428571428562
1757116800000,94508.8,95000.0,93986.8,94123.9,148.11581563,2025-09-06 00:00:00+00:00,96973.30007241706,91976.34141518925,2400.5142857142855
1757203200000,94123.9,95240.0,94123.9,94900.6,99.78744826,2025-09-07 00:00:00+00:00,96892.01771663601,92005.43851553564,2188.1500000000005
1757289600000,94897.5,96092.4,94500.0,95232.0,280.4840646,2025-09-08 00:00:00+00:00,96826.91898265028,92037.5436049333,2093.621428571428
1757376000000,95232.0,96241.4,94391.4,95291.4,246.77936941,2025-09-09 00:00:00+00:00,96766.70255195812,92069.92028548123,1996.2857142857142
1757462400000,95300.0,97490.0,94875.0,97355.1,541.24863934,2025-09-10 00:00:00+00:00,96789.77696168526,92122.50913836202,2048.528571428571
1757548800000,97355.2,98392.0,96761.1,98392.0,534.42127563,2025-09-11 00:00:00+00:00,96852.6092376976,92184.89213201017,2009.7285714285701
1757635200000,98392.0,99435.3,97965.3,98839.3,376.24511044,2025-09-12 00:00:00+00:00,96930.51867935652,92251.10514562202,1806.557142857142
1757721600000,98839.3,99051.6,97800.0,98537.9,107.42096418,2025-09-13 00:00:00+00:00,96993.5532409504,92313.6603183024,1804.8357142857142
1757808000000,98537.9,98920.0,97950.0,98368.2,130.73399041,2025-09-14 00:00:00+00:00,97047.46095699155,92373.90449423969,1785.7571428571423
1757894400000,98368.3,99500.0,97301.0,98085.9,250.17355047,2025-09-15 00:00:00+00:00,97088.18405671738,92430.74027041641,1796.4428571428568
1757980800000,98086.0,98600.0,97100.0,98400.0,271.78469322,2025-09-16 00:00:00+00:00,97139.62781919906,92490.13588961626,1705.2000000000003
1758067200000,98400.1,99042.7,96800.0,98480.6,308.87705209,2025-09-17 00:00:00+00:00,97192.2149635442,92549.74249767979,1761.6571428571426
1758153600000,98480.6,100075.2,98300.1,99345.3,428.73890559,2025-09-18 00:00:00+00:00,97276.64967085619,92617.35998526507,1707.6142857142852
1758240000000,99345.3,99700.0,98104.7,98556.1,256.8690853,2025-09-19 00:00:00+00:00,97326.8241935677,92676.45192571021,1630.0928571428562
1758326400000,98556.2,98949.9,98396.8,98612.3,50.70968935,2025-09-20 00:00:00+00:00,97377.23500950623,92735.51509062853,1597.2285714285701
1758412800000,98612.3,98708.0,98198.8,98259.6,81.84001312,2025-09-21 00:00:00+00:00,97411.83755815304,92790.48110962725,1553.8785714285696
1758499200000,98250.9,98430.2,95000.0,95574.3,566.23849126,2025-09-22 00:00:00+00:00,97339.77726175488,92818.18080007873,1685.1499999999983
1758585600000,95575.0,96072.5,94462.2,94832.0,248.65673457,2025-09-23 00:00:00+00:00,97241.43305541154,92838.21880206799,1668.0285714285699
1758672000000,94832.0,97117.4,94200.0,96534.5,319.81005069,2025-09-24 00:00:00+00:00,97213.71019049345,92874.99771946036,1689.6285714285696
1758758400000,96557.7,96702.2,93270.0,93540.4,525.10294138,2025-09-25 00:00:00+00:00,97069.65881047411,92881.61863767468,1818.2928571428554
1758844800000,93533.6,94361.3,93126.0,93833.8,294.94046967,2025-09-26 00:00:00+00:00,96942.76238653396,92891.09307909085,1801.5285714285699
1758931200000,93833.8,93881.4,93400.0,93820.6,55.69918071,2025-09-27 00:00:00+00:00,96820.32464588557,92900.34190417454,1746.5142857142835
1759017600000,93820.6,96027.5,93450.0,95864.9,129.08664893,2025-09-28 00:00:00+00:00,96782.85701271359,92929.83999468027,1861.335714285712
1759104000000,95865.0,97580.0,95151.1,97520.0,279.22077964,2025-09-29 00:00:00+00:00,96811.76458084247,92975.51322856404,1877.7571428571403
1759190400000,97503.3,97970.6,95920.0,97196.9,289.5789892,2025-09-30 00:00:00+00:00,96826.86793061336,93017.51707703604,1917.085714285712
1759276800000,97196.9,101073.0,97100.1,101065.5,619.4363959,2025-10-01 00:00:00+00:00,96993.08879607951,93097.59650910534,2040.671428571426
1759363200000,101065.6,103166.2,100731.8,102783.5,653.94056119,2025-10-02 00:00:00+00:00,97220.16374525287,93193.97365826847,2087.7642857142832
1759449600000,102783.5,105335.4,101610.0,103991.1,729.03203958,2025-10-03 00:00:00+00:00,97485.69065720373,93301.40775122104,2239.914285714283
1759536000000,104011.4,104499.4,103128.1,103987.5,198.50914132,2025-10-04 00:00:00+00:00,97740.6635726075,93407.73702732829,2298.35714285714
1759622400000,104000.0,106227.9,103588.1,105048.9,520.27039898,2025-10-05 00:00:00+00:00,98027.26107956408,93523.56949471806,2450.5428571428533
1759708800000,105048.9,107424.9,104850.0,106275.9,828.15823395,2025-10-06 00:00:00+00:00,98350.7371156596,93650.45835546713,2389.449999999996
1759795200000,106251.4,107200.0,103462.7,104184.3,485.05473424,2025-10-07 00:00:00+00:00,98579.50428759454,93755.27270018886,2541.3785714285673
1759881600000,104158.0,106955.0,104154.5,106029.7,336.92649494,2025-10-08 00:00:00+00:00,98871.66882533592,93877.4063051621,2533.028571428568
1759968000000,106029.6,106606.0,103637.3,105192.9,705.16865149,2025-10-09 00:00:00+00:00,99119.5602439502,93989.99828222518,2499.921428571425
1760054400000,105198.8,105909.0,91211.0,98380.1,1419.33120193,2025-10-10 00:00:00+00:00,99090.56180301098,94033.68088638215,3461.5428571428533
1760140800000,98364.5,98665.8,95628.1,96640.5,764.50719654,2025-10-11 00:00:00+00:00,98994.48094799095,94059.61938502511,3644.135714285711
1760227200000,96649.7,100249.9,95600.0,99268.5,644.96143755,2025-10-12 00:00:00+00:00,99005.22679316778,94111.44904288556,3792.164285714282
1760313600000,99268.5,100300.0,98320.6,99691.8,386.68087819,2025-10-13 00:00:00+00:00,99032.1512326514,94166.97492305587,3760.057142857139
1760400000000,99721.7,99955.0,95113.0,97570.7,577.63614836,2025-10-14 00:00:00+00:00,98974.83941960626,94200.84283426925,3959.442857142853
1760486400000,97559.3,97815.2,94810.1,95164.6,668.74168444,2025-10-15 00:00:00+00:00,98825.41826589621,94210.43245780887,3890.314285714281
1760572800000,95164.7,96156.3,92010.0,92534.5,685.60280724,2025-10-16 00:00:00+00:00,98578.71558880224,94193.75651295505,4012.592857142853
1760659200000,92534.5,93339.0,88522.2,91459.2,921.0023363,2025-10-17 00:00:00+00:00,98299.51889904529,94166.54699541321,4090.5499999999965
1760745600000,91459.2,92398.8,91406.3,92099.0,155.44654553,2025-10-18 00:00:00+00:00,98056.36129516117,94145.97438849369,4063.4928571428545
1760832000000,92099.0,94130.6,91200.0,93283.6,262.48494285,2025-10-19 00:00:00+00:00,97869.194185547,94137.39354880719,4084.2642857142846
1760918400000,93283.6,95843.2,92186.7,95000.1,446.50486153,2025-10-20 00:00:00+00:00,97756.68068807459,94145.97769260017,4161.521428571427
1761004800000,95000.1,98143.3,92450.0,93421.9,569.22296779,2025-10-21 00:00:00+00:00,97586.68928854226,94138.77293943998,4301.235714285714
1761091200000,93400.2,94000.0,91727.4,92700.1,448.86128604,2025-10-22 00:00:00+00:00,97395.05833605041,94124.45778581372,4263.528571428571
1761177600000,92700.1,95821.1,92650.0,94736.9,354.79691515,2025-10-23 00:00:00+00:00,97290.81683267589,94130.55173819368,4277.9857142857145
1761264000000,94736.9,96249.9,94355.6,95465.5,290.2753422,2025-10-24 00:00:00+00:00,97219.23578041409,94143.83480547534,3363.435714285714
1761350400000,95465.6,96200.0,95223.3,96007.5,191.19113929,2025-10-25 00:00:00+00:00,97171.71673020178,94162.37873775918,3216.221428571428
1761436800000,96007.3,99076.6,95700.0,98425.1,330.82487222,2025-10-26 00:00:00+00:00,97220.8690152919,94204.7938746969,3125.2714285714287
1761523200000,98425.1,100000.0,97702.1,97921.8,522.055428,2025-10-27 00:00:00+00:00,97248.3565048883,94241.77901027206,3148.0214285714287
1761609600000,97909.5,99639.8,96396.0,96934.3,300.86999168,2025-10-28 00:00:00+00:00,97236.04056352015,94268.5702639012,3033.8642857142863
1761696000000,96931.6,97738.3,94300.0,94849.2,470.86740785,2025-10-29 00:00:00+00:00,97142.43897279387,94274.34767421064,3064.8071428571443
1761782400000,94848.1,96100.0,92000.0,93620.1,544.36555046,2025-10-30 00:00:00+00:00,97004.3080326843,94267.83774710407,3061.500000000001
1761868800000,93637.8,96308.8,93621.8,94881.4,383.42029544,2025-10-31 00:00:00+00:00,96921.05673728492,94273.94284414781,2909.4928571428577
1761955200000,94881.4,95650.0,94722.3,95247.3,114.52914275,2025-11-01 00:00:00+00:00,96855.41921817571,94283.62798997719,2904.8642857142863
1762041600000,95247.3,96159.4,94742.7,95814.3,170.68273446,2025-11-02 00:00:00+00:00,96814.59101354137,94298.8585572411,2796.7285714285713
1762128000000,95814.3,96022.2,91450.1,92471.2,695.85589073,2025-11-03 00:00:00+00:00,96644.2619541868,94280.67289995513,2862.1285714285705
1762214400000,92471.3,93149.0,86106.3,88400.1,1502.12390792,2025-11-04 00:00:00+00:00,96320.96148539518,94222.1597367715,2958.5142857142846
1762300800000,88400.1,91021.6,86090.8,90416.5,604.06804867,2025-11-05 00:00:00+00:00,96089.413976164,94184.29247570911,3148.3857142857128
1762387200000,90416.5,90538.4,86960.0,87729.0,484.68032738,2025-11-06 00:00:00+00:00,95761.55460454973,94120.06070978167,3177.478571428569
1762473600000,87729.0,89912.5,85839.4,89307.8,578.2141562,2025-11-07 00:00:00+00:00,95508.46618868504,94072.17751863957,3333.1071428571418
1762560000000,89307.9,89325.8,87720.8,88421.2,174.77105396,2025-11-08 00:00:00+00:00,95230.53418128562,94015.9488866133,3377.9857142857136
1762646400000,88421.2,91135.2,87700.0,90657.2,368.2782589,2025-11-09 00:00:00+00:00,95051.18774280383,93982.52849968184,3382.171428571427
1762732800000,90657.2,92162.4,90225.1,91690.5,571.34013922,2025-11-10 00:00:00+00:00,94919.39606661545,93959.72224595366,3356.414285714284
1762819200000,91690.5,92934.0,88448.4,88941.2,400.15546708,2025-11-11 00:00:00+00:00,94684.95700517955,93909.7867012178,3445.114285714284
1762905600000,88946.1,90989.3,87073.7,87700.0,447.42033468,2025-11-12 00:00:00+00:00,94411.03712262349,93847.99777881763,3479.207142857141
1762992000000,87700.0,89757.5,84215.0,85777.2,928.85909006,2025-11-13 00:00:00+00:00,94072.45527467747,93767.69133325727,3582.242857142856
1763078400000,85716.7,85813.7,80790.1,81299.9,1378.94107613,2025-11-14 00:00:00+00:00,93571.5707541019,93643.63370805074,3749.021428571427
1763164800000,81300.0,83228.6,81300.0,82279.2,321.44233606,2025-11-15 00:00:00+00:00,93128.73268531359,93530.55476568207,3820.521428571428
1763251200000,82279.3,83111.0,79889.2,81022.1,952.14236671,2025-11-16 00:00:00+00:00,92653.96277608561,93406.09252920763,3949.4571428571426
1763337600000,81016.7,82774.0,78621.0,79362.6,842.49123921,2025-11-17 00:00:00+00:00,92132.73286329793,93266.3562851359,3919.5214285714287
1763424000000,79362.7,80990.3,76848.2,80216.7,1171.28687404,2025-11-18 00:00:00+00:00,91665.4374568941,93136.50895891564,3712.3357142857153
1763510400000,80227.7,80241.0,76800.0,79258.5,1008.98151486,2025-11-19 00:00:00+00:00,91178.89088995708,92998.41931753341,3605.9214285714293
1763596800000,79258.5,80777.0,74587.2,75034.4,1411.51170074,2025-11-20 00:00:00+00:00,90545.77360015483,92819.67285666242,3792.450000000001
1763683200000,75034.4,75765.0,70015.7,73930.5,1720.40409828,2025-11-21 00:00:00+00:00,89894.19424328602,92631.72088793942,3912.1785714285725
1763769600000,73929.6,74285.0,72606.9,73599.9,333.37004639,2025-11-22 00:00:00+00:00,89255.20231217677,92442.34953582063,3917.4000000000015
1763856000000,73600.0,76612.4,73559.2,75483.9,759.72267985,2025-11-23 00:00:00+00:00,88715.15124111102,92273.60874441944,3890.1142857142872
1763942400000,75483.9,77432.0,73961.0,76653.2,1025.94531913,2025-11-24 00:00:00+00:00,88242.13354538118,92118.18179173865,3999.664285714288
1764028800000,76653.2,76872.4,74450.0,75540.2,573.51902796,2025-11-25 00:00:00+00:00,87744.01850438584,91953.22674903479,3852.292857142859
1764115200000,75540.2,78220.2,74606.2,78059.6,581.32694352,2025-11-26 00:00:00+00:00,87364.23738656679,91814.98170675583,3830.750000000001
1764201600000,78059.7,79439.6,77700.0,78763.2,625.02345863,2025-11-27 00:00:00+00:00,87026.94180277985,91685.11323206175,3559.1142857142872
1764288000000,78763.3,80449.9,77868.7,78470.1,589.11849496,2025-11-28 00:00:00+00:00,86691.37937914142,91553.620563086,3384.6571428571447
1764374400000,78470.1,78712.4,77900.0,78383.2,177.64439351,2025-11-29 00:00:00+00:00,86365.56842309667,91422.57160225928,3304.9214285714293
1764460800000,78383.3,79374.1,77940.0,77940.1,220.33525225,2025-11-30 00:00:00+00:00,86035.15789670074,91288.41765596815,3177.228571428572
1764547200000,77940.1,77971.1,72150.0,74358.1,1103.14754843,2025-12-01 00:00:00+00:00,85577.23405761443,91119.95678376948,3296.3785714285727
1764633600000,74350.8,79475.0,74257.0,78508.7,744.02605515,2025-12-02 00:00:00+00:00,85300.03664359034,90994.47164164242,3373.228571428572
1764720000000,78520.2,80694.2,78303.1,80116.0,628.42980233,2025-12-03 00:00:00+00:00,85096.74108893974,90886.22814272062,3298.2357142857145
1764806400000,80116.0,80672.4,78074.7,79131.3,500.34117917,2025-12-04 00:00:00+00:00,84862.80222270681,90769.26368358907,3041.657142857143
1764892800000,79131.4,79589.1,75782.4,76823.9,432.09801068,2025-12-05 00:00:00+00:00,84547.55115514969,90630.50384594142,2902.9000000000005
1764979200000,76823.8,77600.0,76540.0,76756.5,193.23846622,2025-12-06 00:00:00+00:00,84242.01973730068,90492.45405642957,2858.75
1765065600000,76760.6,78903.1,75444.0,77693.9,309.81212045,2025-12-07 00:00:00+00:00,83985.23072799477,90365.10525984819,2887.7428571428577
1765152000000,77693.9,79179.0,77148.0,77897.7,437.26749807,2025-12-08 00:00:00+00:00,83746.5040327793,90241.05147616811,2784.885714285715
1765238400000,77897.7,81288.3,76861.6,79672.3,680.68274388,2025-12-09 00:00:00+00:00,83586.73132561147,90135.88976993758,2928.0500000000006
1765324800000,79669.4,80839.8,78625.0,78662.6,534.81784547,2025-12-10 00:00:00+00:00,83393.62813637182,90021.72768267452,2828.107142857144
1765411200000,78679.5,79729.4,76025.3,78818.1,709.94793298,2025-12-11 00:00:00+00:00,83214.19566043568,89910.24880025985,2968.4285714285716
1765497600000,78835.1,79057.7,76333.8,76952.1,439.45674679,2025-12-12 00:00:00+00:00,82968.62328159508,89781.31199627717,2978.621428571428
1765584000000,76952.1,77254.9,76502.0,76952.2,105.1428249,2025-12-13 00:00:00+00:00,82732.6851136894,89653.65914059283,2974.371428571428
1765670400000,76952.2,77116.4,74632.8,75132.6,386.36938057,2025-12-14 00:00:00+00:00,82434.64256021139,89509.17098994018,3049.335714285713
1765756800000,75132.7,76718.9,72544.4,73545.2,795.01834678,2025-12-15 00:00:00+00:00,82086.03696961487,89350.3255074532,2931.7214285714267
1765843200000,73545.2,74875.5,72557.2,74758.5,760.92315865,2025-12-16 00:00:00+00:00,81798.68257864958,89205.13321384671,2724.5999999999985
1765929600000,74760.0,76875.6,72558.1,73423.0,936.00774785,2025-12-17 00:00:00+00:00,81470.22443831037,89048.09706246515,2862.1999999999994
1766016000000,73408.9,76125.0,72000.0,72898.4,693.83231812,2025-12-18 00:00:00+00:00,81134.07446033742,88887.40355935604,2971.2928571428565
1766102400000,72895.3,76239.2,72585.3,75232.1,521.95163927,2025-12-19 00:00:00+00:00,80902.62448150065,88751.52989209877,2960.3785714285696
1766188800000,75232.1,75552.1,74977.0,75433.1,164.04913743,2025-12-20 00:00:00+00:00,80688.13332536338,88619.00820163013,2925.742857142856
1766275200000,75433.1,76038.5,74805.0,75665.3,184.53640328,2025-12-21 00:00:00+00:00,80491.15946946677,88490.11558270844,2766.771428571427
1766361600000,75672.7,77132.8,74785.0,75280.2,578.28276817,2025-12-22 00:00:00+00:00,80286.80811772299,88358.67363661184,2789.3999999999983
1766448000000,75283.3,75538.1,73569.4,74112.9,485.67393797,2025-12-23 00:00:00+00:00,80044.69407389071,88216.92464520277,2613.8285714285707
1766534400000,74113.0,74690.8,73333.1,74393.7,606.0752991,2025-12-24 00:00:00+00:00,79823.0864631499,88079.38012136992,2552.6071428571418
1766620800000,74393.7,75100.0,73789.0,74004.6,454.02260241,2025-12-25 00:00:00+00:00,79594.91052341853,87939.3325579732,2381.6714285714284
1766707200000,73998.4,75962.8,73500.0,74171.2,920.70360167,2025-12-26 00:00:00+00:00,79382.2159930884,87802.33621411277,2363.0214285714287
1766793600000,74171.2,74633.0,74048.8,74557.3,135.29337009,2025-12-27 00:00:00+00:00,79193.00360120258,87670.54480899722,2350.971428571429
1766880000000,74560.0,74750.3,74124.6,74579.0,270.16262749,2025-12-28 00:00:00+00:00,79012.06228350836,87540.28068154451,2218.2642857142864
1766966400000,74579.0,76655.3,73730.1,74020.0,599.23439564,2025-12-29 00:00:00+00:00,78816.29513513549,87405.75052550924,2129.028571428572
1767052800000,74020.0,75939.0,73695.0,75262.2,575.72557683,2025-12-30 00:00:00+00:00,78676.91885532625,87284.91917699671,2123.721428571429
1767139200000,75247.0,75857.9,74153.0,74500.1,644.75304793,2025-12-31 00:00:00+00:00,78513.12203747031,87157.70704588231,1937.107142857143
1767225600000,74500.1,75580.0,74405.6,75523.1,335.60103286,2026-01-01 00:00:00+00:00,78395.866271295,87041.93981159493,1726.3499999999997
1767312000000,75523.0,77482.9,75074.4,76784.8,530.28134951,2026-01-02 00:00:00+00:00,78332.68720183246,86939.87871894224,1637.392857142857
1767398400000,76776.1,77439.8,76206.2,77355.1,160.60041351,2026-01-03 00:00:00+00:00,78294.35044881943,86844.50778641546,1684.4285714285713
1767484800000,77355.1,78331.0,77355.0,78180.6,275.96296724,2026-01-04 00:00:00+00:00,78289.88964690495,86758.29974873968,1666.0357142857142
1767571200000,78172.4,80899.9,78172.4,80150.0,826.86360122,2026-01-05 00:00:00+00:00,78362.8351509479,86692.54552238407,1693.1571428571426
1767657600000,80150.1,80835.6,77952.9,80190.8,623.82254878,2026-01-06 00:00:00+00:00,78434.52004698916,86627.85153708672,1758.4428571428568
1767744000000,80190.9,80191.5,77589.5,78211.0,435.63747951,2026-01-07 00:00:00+00:00,78425.75455495037,86544.10177054854,1847.3214285714287
1767830400000,78191.7,78454.6,76531.5,78101.6,320.97410849,2026-01-08 00:00:00+00:00,78413.04261161899,86460.09677780677,1891.0428571428577
1767916800000,78095.3,79028.0,76963.8,77818.8,274.48673595,2026-01-09 00:00:00+00:00,78389.7389797908,86374.11372529129,1862.5714285714287
1768003200000,77818.8,77999.0,77639.8,77755.6,83.58123974,2026-01-10 00:00:00+00:00,78364.87078450489,86288.35736981576,1846.5
1768089600000,77755.6,78348.4,77500.0,78175.0,194.16011439,2026-01-11 00:00:00+00:00,78357.42487138706,86207.62744573799,1862.4071428571426
1768176000000,78181.9,79250.0,77052.1,78162.4,332.73205139,2026-01-12 00:00:00+00:00,78349.77683721502,86127.57543135254,1810.4571428571423
1768262400000,78162.5,82952.2,78023.0,81906.3,734.35432096,2026-01-13 00:00:00+00:00,78489.24833379482,86085.57269074206,2002.2571428571423
1768348800000,81908.2,84100.0,81162.8,83258.4,801.68282563,2026-01-14 00:00:00+00:00,78676.27388933228,86057.4416191924,2090.278571428571
1768435200000,83265.3,83687.9,81726.1,82316.7,520.32707084,2026-01-15 00:00:00+00:00,78819.03569759376,86020.22030954869,2146.521428571428
1768521600000,82316.7,82557.9,81329.4,82344.3,260.46608018,2026-01-16 00:00:00+00:00,78957.28135651165,85983.64398806065,2062.2357142857136
1768608000000,82344.4,82450.0,81905.5,82090.2,101.33538138,2026-01-17 00:00:00+00:00,79080.14091115826,85944.90325186105,2013.0142857142844
1768694400000,82090.2,82466.8,80524.0,80594.6,183.83359391,2026-01-18 00:00:00+00:00,79139.53146366186,85891.66640358382,2082.0714285714275
1768780800000,80594.6,80594.6,78085.7,79514.0,530.32429352,2026-01-19 00:00:00+00:00,79154.21650430257,85828.20703638399,2066.4571428571426
1768867200000,79514.0,79709.9,74880.0,75314.2,666.2554761,2026-01-20 00:00:00+00:00,79003.6276217809,85723.59005094733,2205.5428571428556
1768953600000,75318.8,77341.5,74485.5,76572.5,839.00685307,2026-01-21 00:00:00+00:00,78908.28928367185,85632.53442854986,2223.6857142857125
1769040000000,76573.7,77269.2,75411.9,76119.8,316.07961969,2026-01-22 00:00:00+00:00,78798.93676274354,85537.88035463395,2218.985714285712
1769126400000,76129.4,77300.0,75330.3,75683.3,345.58828605,2026-01-23 00:00:00+00:00,78676.75492891046,85439.8248287172,2212.235714285712
1769212800000,75683.3,75961.5,75301.1,75381.4,127.07875903,2026-01-24 00:00:00+00:00,78547.52532385515,85339.74099957575,2233.7499999999977
1769299200000,75381.4,75445.3,72388.3,73011.3,754.81267099,2026-01-25 00:00:00+00:00,78330.41844840985,85217.06994485362,2391.5071428571414
1769385600000,73011.3,74762.6,72891.9,74338.3,491.72171715,2026-01-26 00:00:00+00:00,78173.86478376633,85108.82347774065,2368.1357142857137
1769472000000,74326.9,74812.3,72805.0,74150.1,405.87895853,2026-01-27 00:00:00+00:00,78016.07008636373,84999.78145308651,2159.4285714285716
1769558400000,74150.1,75784.7,73978.5,74418.6,369.74183594,2026-01-28 00:00:00+00:00,77874.99282807496,84894.49606549361,2078.6428571428573
1769644800000,74447.3,74515.0,69636.1,70660.8,1136.62104379,2026-01-29 00:00:00+00:00,77592.08330540535,84752.86724892155,2287.007142857143
1769731200000,70660.8,71185.6,67881.9,71001.6,1308.1960914,2026-01-30 00:00:00+00:00,77333.63297970318,84616.03871908154,2435.2357142857154
1769817600000,71001.6,71011.6,63742.0,66548.4,2065.24026662,2026-01-31 00:00:00+00:00,76910.68266677365,84436.2612193892,2915.6000000000017
1769904000000,66551.1,67127.1,63930.8,64904.1,1100.63111346,2026-02-01 00:00:00+00:00,76439.83628768448,84241.9113565097,3005.135714285716
1769990400000,64908.5,67175.4,62824.1,66700.1,1191.91946754,2026-02-02 00:00:00+00:00,76057.88584503019,84067.36596987776,3136.735714285715
1770076800000,66700.1,67019.0,61747.9,64048.2,1249.42246995,2026-02-03 00:00:00+00:00,75586.91777267607,83868.17028858545,3168.250000000001
1770163200000,64054.1,65033.7,60777.0,61870.5,1479.71501822,2026-02-04 00:00:00+00:00,75049.0190364927,83649.28799715675,3268.3000000000006
1770249600000,61870.6,61978.1,52815.0,53369.4,4277.05237339,2026-02-05 00:00:00+00:00,74198.83789780672,83347.99557927459,3790.142857142858
1770336000000,53381.2,60781.9,51650.0,59794.6,2788.17680873,2026-02-06 00:00:00+00:00,73633.96582338293,83113.63343420718,4301.728571428573
1770422400000,59799.8,60700.0,57038.0,58746.9,737.15343815,2026-02-07 00:00:00+00:00,73050.15932050516,82871.17837516035,4516.128571428572
1770508800000,58746.9,61192.0,58383.8,59487.3,712.27840139,2026-02-08 00:00:00+00:00,72518.28248440691,82638.50296844234,4498.357142857144
1770595200000,59487.3,60400.0,57333.1,58900.8,868.161585,2026-02-09 00:00:00+00:00,71984.26356344977,82402.3069190051,4583.8
1770681600000,58900.8,59210.9,57000.0,57888.9,685.78074566,2026-02-10 00:00:00+00:00,71431.50420802036,82158.39242229858,4598.342857142858
1770768000000,57888.9,58200.0,55421.1,56472.0,1363.98406966,2026-02-11 00:00:00+00:00,70844.85698417641,81902.80642804687,4667.821428571429
1770854400000,56452.9,57547.7,54879.7,55789.4,804.1891112,2026-02-12 00:00:00+00:00,70254.44690636557,81642.97153821556,4509.900000000001
1770940800000,55799.8,58475.0,55481.1,58002.3,1069.58490559,2026-02-13 00:00:00+00:00,69773.97055709634,81407.74097564624,4487.771428571429
1771027200000,58000.1,59517.9,57911.2,58901.6,546.83937265,2026-02-14 00:00:00+00:00,69347.60308426904,81183.79927439603,4083.2785714285715
1771113600000,58899.8,59895.9,57350.0,57985.3,590.15089884,2026-02-15 00:00:00+00:00,68902.02257116046,80952.96843584484,4036.8214285714284
1771200000000,57985.2,59136.3,56769.1,58122.1,463.27142188,2026-02-16 00:00:00+00:00,68479.28050954633,80725.79561558767,3895.100000000001
1771286400000,58113.2,58393.0,56404.8,56938.0,501.48466336,2026-02-17 00:00:00+00:00,68026.68127387785,80489.10113185049,3660.6071428571436
1771372800000,56947.3,57842.2,55879.3,56379.6,698.28833259,2026-02-18 00:00:00+00:00,67569.93298862774,80249.20559820023,3496.764285714286
1771459200000,56365.1,57063.5,55879.3,56898.4,648.88452395,2026-02-19 00:00:00+00:00,67151.44149887763,80016.85927384003,2926.842857142857
1771545600000,56916.2,58051.7,56459.3,57706.5,798.79054274,2026-02-20 00:00:00+00:00,66781.05163617655,79794.86564922471,2388.3071428571425
1771632000000,57697.9,58285.0,57300.1,57712.6,213.5479926,2026-02-21 00:00:00+00:00,66425.42608181668,79575.14161291403,2197.085714285714
1771718400000,57700.1,57933.0,57033.9,57170.0,157.57898401,2026-02-22 00:00:00+00:00,66062.46819625524,79352.20488044723,2060.7214285714285
1771804800000,57170.1,57190.1,54183.8,54811.6,1501.89556741,2026-02-23 00:00:00+00:00,65621.25767875504,79108.0197572587,2056.3928571428564
1771891200000,54811.6,55121.1,53027.5,54401.7,925.81091492,2026-02-24 00:00:00+00:00,65181.27502468621,78862.1857298233,2048.014285714285
1771977600000,54418.2,59296.8,54274.6,57544.9,1186.17705105,2026-02-25 00:00:00+00:00,64881.809337443614,78650.07343400417,2208.2499999999995
1772064000000,57561.0,58270.0,56421.0,57181.0,844.65702218,2026-02-26 00:00:00+00:00,64579.816814406615,78436.4508127703,2149.7499999999995
1772150400000,57181.0,57799.9,55000.0,55800.5,840.24515069,2026-02-27 00:00:00+00:00,64235.529880508315,78211.21747134971,2135.8928571428564
1772236800000,55799.7,57434.9,53437.5,56786.1,1195.21086237,2026-02-28 00:00:00+00:00,63943.39537539034,77998.03222287858,2306.657142857142
1772323200000,56769.0,57766.9,55221.3,55916.0,934.95194216,2026-03-01 00:00:00+00:00,63628.59555674758,77778.3105092181,2306.635714285713
1772409600000,55920.0,59985.9,55800.1,58837.1,1663.16942725,2026-03-02 00:00:00+00:00,63440.69377020847,77589.84075290748,2436.5357142857133
1772496000000,58850.0,59533.4,57138.0,58853.2,1234.71563847,2026-03-03 00:00:00+00:00,63260.79205372971,77403.40651656015,2465.6214285714277
1772582400000,58861.4,63738.5,58109.5,62491.9,1554.63554961,2026-03-04 00:00:00+00:00,63230.639424171684,77255.03331739041,2727.485714285714
1772668800000,62482.9,63400.0,61001.0,61107.1,903.22050505,2026-03-05 00:00:00+00:00,63147.363368321814,77094.35736398355,2814.2571428571428
1772755200000,61107.1,61480.7,58443.1,58681.8,629.62360535,2026-03-06 00:00:00+00:00,62972.243236230766,76911.14783797377,2917.4857142857145
1772841600000,58681.8,59048.9,57721.4,58012.5,312.6488367,2026-03-07 00:00:00+00:00,62777.74350147662,76723.10159082976,2941.957142857143
1772928000000,58014.8,58818.5,56900.0,57284.0,478.90306224,2026-03-08 00:00:00+00:00,62562.30257985009,76529.6776944036,3014.7714285714287
1773014400000,57284.1,60086.9,57176.2,58933.6,759.91928645,2026-03-09 00:00:00+00:00,62420.00051789518,76354.59234421054,3007.942857142858
1773100800000,58929.9,61616.0,58898.0,60265.3,1002.93012098,2026-03-10 00:00:00+00:00,62335.50245836988,76194.49988307412,3052.542857142858
1773187200000,60266.4,61620.2,59506.8,60815.0,718.67035654,2026-03-11 00:00:00+00:00,62275.874910982835,76041.4700334913,2844.7714285714287
1773273600000,60820.0,61423.8,59972.2,61218.9,732.925772,2026-03-12 00:00:00+00:00,62234.42491447371,75893.98177445159,2816.385714285715
1773360000000,61222.5,64401.5,61091.7,62119.7,1079.9796907,2026-03-13 00:00:00+00:00,62229.925898219844,75756.92424435755,2852.8071428571434
1773446400000,62119.8,62479.7,61600.0,62443.4,255.60861263,2026-03-14 00:00:00+00:00,62238.29743162299,75624.45136630425,2630.1142857142863
1773532800000,62448.7,64050.0,62147.4,63897.5,347.43649501,2026-03-15 00:00:00+00:00,62303.36419901032,75507.76528305745,2584.1857142857148
